	DATE	MONTH	YEAR	SITE_NAME	SENSIBLE_HEAT_FLUX_ABV_CNPY	LATENT_HEAT_FLUX_ABV_CNPY	NET_RAD_ABV_CNPY	CO2_FLUX_ABV_CNPY	CO2_CONC_ABV_CNPY	CO2_STORAGE	WIND_DIR_MAG_ABV_CNPY	WIND_SPEED_ABV_CNPY	FRICTION_VELOC_ABV_CNPY	AIR_TEMP_ABV_CNPY	SOIL_TEMP_10CM	SOIL_TEMP_100CM	VAPOR_PRESS_ABV_CNPY	RAIN_RATE
0	17	3	1994	NSA-OBS-FLXTR	-8.585285714285714	5.421666666666668	8.450238095238095	0.5059285714285715	362.4172857142857	0.005952380952380954	110.61904761904762	4.006904761904762	0.5304761904761902	-8.476452380952384	-0.2185	0.025000000000000012	0.26249761904761904	0.11428571428571428
1	18	3	1994	NSA-OBS-FLXTR	19.734979166666673	15.867354166666665	63.222500000000004	0.05047916666666668	362.2827291666665	0.014583333333333337	98.0625	3.448333333333333	0.4650625000000001	-7.715458333333333	-0.21850000000000006	0.024999999999999998	0.31504583333333325	0.020833333333333332
2	19	3	1994	NSA-OBS-FLXTR	2.4311041666666657	15.244500000000002	35.612500000000004	0.13518750000000002	362.900875	0.016666666666666666	93.875	3.2095833333333332	0.35304166666666664	-10.283875	-0.21850000000000006	0.024999999999999998	0.22144166666666665	0.004166666666666667
3	20	3	1994	NSA-OBS-FLXTR	-4.663520833333336	11.735708333333337	29.92	0.167625	363.43418749999995	0.035208333333333355	91.66666666666667	3.7758333333333316	0.45270833333333343	-8.604249999999999	-0.21850000000000006	0.024999999999999998	0.2888583333333333	0.26249999999999996
4	21	3	1994	NSA-OBS-FLXTR	37.18789583333333	19.978916666666667	57.2825	-0.46966666666666673	363.4091875	0.00041666666666668843	237.10416666666666	3.1752083333333334	0.3809791666666667	-9.666958333333335	-0.21850000000000006	0.024999999999999998	0.27671250000000003	0.004166666666666667
5	22	3	1994	NSA-OBS-FLXTR	32.95951282051282	10.630410256410258	41.71102564102564	0.20789743589743595	362.4976153846153	-0.04461538461538462	319.15384615384613	4.226410256410256	0.537076923076923	-15.086384615384613	-0.21849999999999994	0.02500000000000002	0.16655384615384625	0.0
6	5	4	1994	NSA-OBS-FLXTR	310.60084615384613	9.57669230769231	356.34923076923076	1.2132307692307691	361.4428461538461	0.09000000000000001	292.61538461538464	4.327692307692308	0.7045384615384614	-12.218230769230768	-0.2185000000000001	0.02500000000000002	0.12080000000000002	0.0
7	6	4	1994	NSA-OBS-FLXTR	-10.802153846153846	-0.09430769230769229	-45.55307692307693	0.2791538461538462	362.13046153846153	0.1830769230769231	294.46153846153845	3.69076923076923	0.251	-12.0	-0.2185000000000001	0.02500000000000002	0.13355384615384616	0.0
8	10	4	1994	NSA-OBS-FLXTR	152.61450000000002	18.679375	208.22999999999996	-0.08975	361.52637500000003	0.0125	183.625	4.749999999999999	0.6711250000000001	0.5741249999999998	-0.21850000000000008	0.025000000000000015	0.3437375	0.0
9	11	4	1994	NSA-OBS-FLXTR	43.97295833333334	3.0362291666666668	90.31	0.532875	363.0327708333334	0.002083333333333297	194.35416666666666	3.558958333333333	0.43668750000000006	2.245854166666667	-0.21850000000000006	0.024999999999999998	0.41813958333333345	0.0
10	12	4	1994	NSA-OBS-FLXTR	44.367395833333326	3.4299374999999994	90.8325	0.4635833333333334	365.4539791666666	0.03374999999999998	107.33333333333333	3.3279166666666655	0.3810416666666667	4.232520833333334	-0.21850000000000006	0.024999999999999998	0.5007270833333334	0.0
11	13	4	1994	NSA-OBS-FLXTR	59.876791666666655	9.670520833333336	103.08375000000001	0.6735208333333333	363.76743749999997	-0.05395833333333332	253.27083333333334	5.56	0.7444375000000002	7.604937499999998	-0.21850000000000006	0.024999999999999998	0.5416604166666666	0.0
12	14	4	1994	NSA-OBS-FLXTR	93.80491666666667	12.7841875	132.81125	0.6091666666666667	363.0988333333334	0.01645833333333334	105.14583333333333	4.001041666666667	0.5143749999999999	-7.769687500000001	-0.21850000000000006	0.024999999999999998	0.21636666666666668	0.0
13	15	4	1994	NSA-OBS-FLXTR	87.89047916666665	7.120979166666668	118.14	0.38110416666666663	363.81406250000003	0.0004166666666666679	104.02083333333333	2.5754166666666665	0.3714583333333334	-6.308166666666666	-0.21850000000000006	0.024999999999999998	0.2769250000000001	0.0
14	16	4	1994	NSA-OBS-FLXTR	63.8611052631579	6.168000000000001	84.1455263157895	0.4507894736842106	365.49642105263166	-0.008684210526315805	109.23684210526316	1.7213157894736837	0.2331842105263158	-2.122736842105263	-0.21849999999999992	0.02500000000000002	0.38316842105263155	0.0
15	17	4	1994	NSA-OBS-FLXTR	46.76351111111111	8.863577777777778	78.08155555555555	0.40642222222222235	365.5552888888889	-0.03888888888888888	137.7111111111111	3.9353333333333333	0.5089111111111111	1.4964444444444445	-0.21850000000000003	0.025000000000000005	0.3746177777777777	0.0
16	18	4	1994	NSA-OBS-FLXTR	77.38610416666667	22.67972916666666	121.93499999999996	0.006520833333333346	362.94014583333336	-0.016666666666666666	282.6041666666667	4.957291666666667	0.6674375	4.447770833333334	-0.21850000000000006	0.024999999999999998	0.4373375000000001	0.0
17	19	4	1994	NSA-OBS-FLXTR	102.64607894736842	22.95221052631579	89.35605263157895	0.03460526315789475	362.26642105263164	0.0007894736842105252	302.92105263157896	7.532894736842107	1.1048157894736839	-6.10071052631579	-0.21849999999999992	0.02500000000000002	0.24636842105263154	0.0
18	21	4	1994	NSA-OBS-FLXTR	115.35695555555556	8.497533333333333	167.52977777777778	0.7489777777777777	363.7229333333333	-0.008888888888888889	150.66666666666666	1.9135555555555555	0.24537777777777772	0.6247333333333327	-0.21850000000000003	0.025000000000000005	0.22712888888888885	0.0
19	22	4	1994	NSA-OBS-FLXTR	27.087541666666663	7.7800416666666665	71.8575	0.46245833333333336	365.24406249999987	0.02624999999999994	131.77083333333334	2.9352083333333336	0.28989583333333335	5.7954791666666665	-0.21850000000000006	0.024999999999999998	0.34253958333333334	0.0
20	23	4	1994	NSA-OBS-FLXTR	52.40045833333332	21.5288125	59.67499999999999	0.3098541666666667	362.62418750000006	-0.014583333333333332	55.041666666666664	5.498333333333335	0.6942083333333331	-5.690625	-0.21850000000000006	0.024999999999999998	0.28850625	0.0020833333333333333
21	24	4	1994	NSA-OBS-FLXTR	-3.3634047619047593	2.802023809523805	108.75857142857141	0.03280952380952381	362.71638095238103	-0.00666666666666667	124.23809523809524	3.4169047619047617	0.3542142857142857	-7.127023809523812	-0.2185	0.025000000000000012	0.24212142857142863	0.0
22	26	4	1994	NSA-OBS-FLXTR	82.82517391304347	11.374717391304348	103.70239130434784	0.24556521739130438	362.46397826086957	0.014130434782608703	120.67391304347827	3.949347826086959	0.47713043478260864	-6.788326086956522	-0.21850000000000006	0.025	0.2183065217391304	0.0
23	27	4	1994	NSA-OBS-FLXTR	115.448125	12.264604166666665	177.48499999999999	0.07529166666666667	362.3779999999999	0.00041666666666666734	266.0833333333333	3.664375	0.48585416666666664	-5.073416666666664	-0.21850000000000006	0.024999999999999998	0.23631458333333324	0.0
24	28	4	1994	NSA-OBS-FLXTR	109.82864583333334	9.466541666666668	169.0975	0.37383333333333346	363.0625208333334	-0.00687499999999999	245.1875	2.1979166666666665	0.2688333333333333	0.09481249999999959	-0.21850000000000006	0.024999999999999998	0.2345041666666666	0.0
25	29	4	1994	NSA-OBS-FLXTR	24.277375000000003	2.6448750000000003	-28.544999999999998	0.04237499999999999	362.911625	0.26125	131.375	2.01	0.208625	5.043125	-0.21850000000000008	0.025000000000000015	0.23466250000000002	0.0
26	4	5	1994	NSA-OBS-FLXTR	77.244	18.57325	256.905	-0.48949999999999994	361.81	0.045	170.5	3.8975	0.5245	8.255	-0.21850000000000003	0.02500000000000001	0.4454	0.0
27	5	5	1994	NSA-OBS-FLXTR	1.7361851851851855	2.459925925925926	-34.80888888888888	0.03725925925925927	361.8100000000001	0.20222222222222222	212.33333333333334	2.7144444444444447	0.16225925925925924	2.2286666666666672	-0.2185	0.02500000000000002	0.44539999999999985	0.0
28	6	5	1994	NSA-OBS-FLXTR	119.26852777777776	0.7280000000000005	-23.269999999999992	0.09763888888888883	361.80999999999995	-0.12916666666666662	217.55555555555554	4.043888888888889	0.5352222222222222	8.690694444444444	-0.21849999999999992	0.02500000000000002	0.44539999999999974	0.0
29	7	5	1994	NSA-OBS-FLXTR	40.82958333333334	0.7280000000000008	-23.269999999999992	0.05299999999999997	361.80999999999995	-0.035416666666666693	206.79166666666666	5.441666666666667	0.6924999999999999	11.307145833333335	-0.21850000000000006	0.024999999999999998	0.44539999999999963	0.0
30	8	5	1994	NSA-OBS-FLXTR	1.7724583333333268	36.368208333333335	-23.269999999999992	-1.4356875000000004	361.80999999999995	0.03895833333333334	303.7083333333333	8.386458333333332	1.2361666666666664	5.1218125000000025	-0.21850000000000006	0.024999999999999998	0.44539999999999963	0.006250000000000001
31	9	5	1994	NSA-OBS-FLXTR	140.31560416666665	35.483291666666666	-23.269999999999992	-1.0076875	361.80999999999995	-0.025208333333333333	324.0	4.606875000000001	0.6445625	3.5485	-0.21850000000000006	0.024999999999999998	0.44539999999999963	0.0
32	10	5	1994	NSA-OBS-FLXTR	9.058874999999997	9.73795	-23.26999999999999	-0.25207499999999994	361.8099999999999	0.10900000000000001	131.075	2.1762499999999996	0.2645750000000001	3.6106499999999997	-0.21849999999999997	0.025000000000000015	0.4453999999999997	0.0
33	11	5	1994	NSA-OBS-FLXTR	264.1206111111111	94.08049999999999	-23.269999999999996	-2.266611111111111	361.8100000000002	-1.420555555555556	317.1666666666667	4.033888888888889	0.6086666666666667	5.083222222222222	-0.2185000000000001	0.02500000000000002	0.44540000000000013	0.0
34	12	5	1994	NSA-OBS-FLXTR	54.34822916666667	7.939062500000003	-23.269999999999992	-0.3016458333333331	361.80999999999995	0.281875	153.95833333333334	2.4931250000000005	0.306125	5.460916666666665	-0.21850000000000006	0.024999999999999998	0.44539999999999963	0.0
35	13	5	1994	NSA-OBS-FLXTR	-29.625833333333333	0.7279999999999999	-23.269999999999996	0.05300000000000002	361.8100000000002	0.44055555555555564	129.0	3.563888888888889	0.39433333333333337	7.269777777777778	-0.2185000000000001	0.02500000000000002	0.44540000000000013	0.11666666666666664
36	14	5	1994	NSA-OBS-FLXTR	-4.683	0.728	-23.27	0.053	361.81	-0.01	156.0	3.05	0.298	4.814	-0.21850000000000003	0.02500000000000001	0.4454	0.0
37	15	5	1994	NSA-OBS-FLXTR	114.59183333333335	28.03879166666667	-23.269999999999992	-1.4744583333333334	361.80999999999995	-0.0014583333333333208	72.6875	1.5720833333333337	0.25556249999999997	0.9123958333333334	-0.21850000000000006	0.024999999999999998	0.44539999999999963	0.0
38	16	5	1994	NSA-OBS-FLXTR	93.00191666666666	22.878375000000005	-23.269999999999992	-0.47914583333333316	361.80999999999995	-0.10812500000000003	108.79166666666667	3.013333333333333	0.3910833333333334	5.935895833333333	-0.21850000000000006	0.024999999999999998	0.44539999999999963	0.0
39	17	5	1994	NSA-OBS-FLXTR	-1.2115833333333341	5.407229166666668	-23.269999999999992	0.05299999999999997	361.80999999999995	0.027291666666666662	102.02083333333333	4.220416666666669	0.5226874999999996	6.174645833333336	-0.21850000000000006	0.024999999999999998	0.44539999999999963	0.09375
40	18	5	1994	NSA-OBS-FLXTR	68.1560625	32.75060416666668	-23.269999999999992	0.05299999999999997	361.80999999999995	0.03166666666666664	129.85416666666666	5.191666666666667	0.7232291666666667	10.992354166666667	-0.21850000000000006	0.024999999999999998	0.44539999999999963	0.06458333333333334
41	19	5	1994	NSA-OBS-FLXTR	124.98895833333331	0.7280000000000008	-23.269999999999992	0.05299999999999997	361.80999999999995	-0.05770833333333333	294.0625	6.080000000000001	0.9051041666666665	6.071833333333333	-0.21850000000000006	0.024999999999999998	0.44539999999999963	0.0
42	20	5	1994	NSA-OBS-FLXTR	52.79135416666667	0.7280000000000008	-23.269999999999992	0.05299999999999997	361.80999999999995	0.020000000000000007	83.45833333333333	4.244375000000001	0.5232916666666666	2.4457499999999994	-0.21850000000000006	0.024999999999999998	0.44539999999999963	0.0
43	21	5	1994	NSA-OBS-FLXTR	11.219833333333336	0.7280000000000008	-23.269999999999992	0.05299999999999997	361.80999999999995	0.021041666666666636	61.520833333333336	4.773749999999999	0.6140624999999998	0.5357083333333331	-0.21850000000000006	0.024999999999999998	0.44539999999999963	0.0
44	22	5	1994	NSA-OBS-FLXTR	34.78425	0.7280000000000008	-23.269999999999992	0.05299999999999997	361.80999999999995	-0.03895833333333333	86.47916666666667	1.868541666666666	0.25518750000000007	1.911145833333334	-0.21850000000000006	0.024999999999999998	0.44539999999999963	0.006250000000000001
45	23	5	1994	NSA-OBS-FLXTR	42.38968292682927	0.7280000000000006	-23.26999999999999	0.05299999999999998	361.8099999999999	-0.012682926829268283	133.82926829268294	1.1909756097560975	0.18241463414634146	5.172097560975609	-0.21849999999999997	0.025000000000000015	0.4453999999999997	0.0
46	30	5	1994	NSA-OBS-FLXTR	46.8384	26.498399999999997	59.39999999999999	-0.5222	356.7314	0.488	192.0	2.786	0.508	16.8806	-0.21850000000000006	0.025000000000000012	0.8604200000000001	0.0
47	31	5	1994	NSA-OBS-FLXTR	17.037229166666666	38.38845833333333	57.65375	-0.6928125	360.9903541666667	-0.03729166666666666	270.8333333333333	2.8518749999999997	0.3129375	9.954770833333335	-0.21850000000000006	0.024999999999999998	1.0504770833333335	0.041666666666666664
48	1	6	1994	NSA-OBS-FLXTR	79.31147916666667	40.98427083333333	150.79625000000001	-2.5696875	360.8628541666667	-0.007291666666666703	131.8125	1.1724999999999999	0.21935416666666666	11.514208333333336	-0.21850000000000006	0.024999999999999998	0.9634125000000004	0.0
49	2	6	1994	NSA-OBS-FLXTR	106.54016666666666	62.46216666666667	168.36520833333333	-1.7640208333333334	359.76779166666665	0.032708333333333284	176.79166666666666	2.6262500000000006	0.3226041666666665	16.182874999999996	-0.21850000000000006	0.024999999999999998	0.9558249999999996	0.0
50	3	6	1994	NSA-OBS-FLXTR	22.530874999999998	39.402416666666674	57.26874999999998	-1.2429374999999998	357.5639166666667	0.33375000000000016	131.625	2.4570833333333346	0.2182083333333333	15.449854166666668	-0.21850000000000006	0.024999999999999998	0.9148000000000001	0.0
51	4	6	1994	NSA-OBS-FLXTR	91.98977083333334	53.207104166666674	197.87624999999994	-0.9019166666666666	357.90810416666676	0.03020833333333334	122.3125	2.2772916666666663	0.2447916666666666	17.7036875	-0.21850000000000006	0.024999999999999998	1.1099020833333333	0.0
52	5	6	1994	NSA-OBS-FLXTR	97.60695833333334	55.9480625	155.81499999999997	-0.3048958333333333	358.4321458333334	0.013541666666666658	87.52083333333333	2.4868750000000004	0.3207291666666666	18.638916666666667	-0.21850000000000006	0.024999999999999998	0.9853749999999996	0.0
53	6	6	1994	NSA-OBS-FLXTR	143.947875	47.899	217.44249999999997	-1.6461041666666665	359.2526666666667	0.06687500000000002	60.166666666666664	3.573124999999999	0.4867708333333333	12.467104166666667	-0.21850000000000006	0.024999999999999998	0.7880500000000001	0.0
54	7	6	1994	NSA-OBS-FLXTR	149.55906249999998	46.52489583333334	218.87249999999997	-1.8703333333333336	361.34822916666667	-0.0070833333333333	154.5625	2.37375	0.32660416666666664	13.325312500000003	-0.21850000000000006	0.024999999999999998	0.5981916666666666	0.0
55	8	6	1994	NSA-OBS-FLXTR	110.98521276595746	56.18182978723404	188.32106382978725	-0.5650638297872338	358.85036170212766	0.08042553191489372	232.4255319148936	3.084468085106383	0.34591489361702127	18.240659574468086	-0.21850000000000006	0.025	0.5319382978723401	0.0
56	9	6	1994	NSA-OBS-FLXTR	133.12295454545452	59.74777272727274	179.50113636363636	-0.5281136363636363	361.19743181818177	0.015227272727272739	197.27272727272728	2.2109090909090905	0.2586590909090909	18.76688636363636	-0.21850000000000003	0.02500000000000001	0.7132363636363638	0.0
57	10	6	1994	NSA-OBS-FLXTR	94.93074999999999	55.55316666666667	167.43374999999997	-0.8746041666666664	357.9967291666667	0.020833333333333332	230.3125	2.405	0.19447916666666668	22.55825	-0.21850000000000006	0.024999999999999998	0.7183354166666668	0.0
58	11	6	1994	NSA-OBS-FLXTR	39.467625000000005	50.49964583333334	121.9177083333333	-1.0433541666666668	363.39539583333345	-0.023541666666666655	237.16666666666666	2.240416666666666	0.28537499999999993	20.772875000000003	-0.21850000000000006	0.024999999999999998	0.8386374999999998	0.01875
59	12	6	1994	NSA-OBS-FLXTR	25.010291666666664	56.715687499999994	77.48125	-1.0591041666666667	360.24337500000007	-0.11791666666666667	77.25	4.304791666666667	0.5190625	9.037770833333335	-0.21850000000000006	0.024999999999999998	0.8230916666666669	0.06666666666666667
60	13	6	1994	NSA-OBS-FLXTR	116.76171739130434	43.53634782608696	187.8236956521739	-1.9315869565217396	360.03717391304355	0.058260869565217484	117.21739130434783	2.486521739130435	0.34021739130434786	7.21365217391304	-0.21850000000000006	0.025	0.5421673913043477	0.0
61	14	6	1994	NSA-OBS-FLXTR	-20.733979166666668	24.335916666666662	13.653749999999997	-0.5046666666666666	368.8310416666668	0.056250000000000126	87.08333333333333	5.179166666666667	0.6366041666666665	7.347958333333331	-0.21850000000000006	0.024999999999999998	0.7013437499999999	0.24166666666666667
62	15	6	1994	NSA-OBS-FLXTR	-10.406621621621621	49.86621621621623	79.39162162162161	-1.5074324324324326	374.32513513513527	-0.04027027027027027	88.4054054054054	5.89810810810811	0.7144054054054056	2.583405405405405	-0.21849999999999992	0.02500000000000002	0.6777513513513516	0.22432432432432434
64	17	6	1994	NSA-OBS-FLXTR	106.52139583333336	63.00185416666667	182.16	-1.694229166666667	358.4401666666667	-0.09791666666666665	218.39583333333334	2.688333333333334	0.3017708333333333	14.510625000000003	7.021364583333334	-0.21988541666666647	0.6602416666666665	0.0
65	18	6	1994	NSA-OBS-FLXTR	99.60093749999999	65.11533333333333	163.66624999999996	-1.1927291666666664	356.42175	0.020416666666666673	235.10416666666666	3.390833333333333	0.4772708333333335	16.188687500000004	8.984489583333334	-0.22357291666666648	0.8576291666666669	0.0
66	19	6	1994	NSA-OBS-FLXTR	101.05247916666666	72.30943750000002	157.78125	-1.091125	356.22135416666674	-0.041458333333333285	202.39583333333334	3.461041666666667	0.4018958333333334	18.352645833333334	8.60540625	-0.20938541666666646	0.8783395833333332	0.0
67	20	6	1994	NSA-OBS-FLXTR	47.14745833333333	72.29100000000001	127.35916666666667	-0.6531874999999999	359.19512499999996	0.011041666666666637	202.79166666666666	3.140625	0.373	16.186791666666668	10.729093750000002	-0.19531250000000003	1.2477541666666667	0.11874999999999998
68	21	6	1994	NSA-OBS-FLXTR	116.29435416666668	77.2423125	205.93375000000003	-0.15654166666666644	356.67568750000004	0.02104166666666674	286.1666666666667	3.940416666666668	0.49289583333333337	18.999354166666663	11.305385416666665	-0.2271354166666667	1.0439374999999997	0.0
69	22	6	1994	NSA-OBS-FLXTR	74.2455625	45.06393750000001	154.9554166666667	-0.10529166666666671	358.88808333333344	-0.010000000000000005	260.9375	3.2954166666666658	0.37410416666666674	19.86745833333333	10.919968750000002	-0.20898958333333328	0.8444354166666667	0.0
70	23	6	1994	NSA-OBS-FLXTR	77.68041666666666	4.818770833333338	176.45374999999993	0.3127083333333337	362.51975	-0.010000000000000005	234.14583333333334	4.673749999999999	0.5158749999999999	22.477333333333334	10.954468750000004	-0.19480208333333326	0.6438854166666667	0.0062499999999999995
71	24	6	1994	NSA-OBS-FLXTR	92.82210416666665	35.5813125	136.88125	-2.4909375	357.04000000000013	-0.07895833333333334	138.77083333333334	2.594583333333333	0.3642708333333333	14.142520833333334	-0.21850000000000006	0.024999999999999998	0.7103812500000002	0.0
72	25	6	1994	NSA-OBS-FLXTR	16.272229166666666	60.58124999999999	89.26499999999999	-1.2518541666666667	356.8020624999999	0.025208333333333412	80.97916666666667	3.4416666666666678	0.4123125000000001	12.360395833333335	-0.21850000000000006	0.024999999999999998	1.073839583333333	0.043750000000000004
73	26	6	1994	NSA-OBS-FLXTR	146.28791666666663	78.43489583333334	232.14125000000004	-1.2574166666666666	357.52902083333333	-0.01958333333333347	120.0625	2.349583333333333	0.3112708333333333	15.169624999999996	-0.21850000000000006	0.024999999999999998	0.9560354166666669	0.0
74	27	6	1994	NSA-OBS-FLXTR	61.12385416666666	45.46008333333333	122.49166666666667	-1.6162708333333333	353.2971875	-0.4347916666666667	231.0625	2.9420833333333323	0.3084583333333333	17.15354166666667	-0.21850000000000006	0.024999999999999998	1.1663229166666664	0.0
75	28	6	1994	NSA-OBS-FLXTR	140.95424999999997	67.69329166666668	217.8275	-2.3584999999999994	353.4871458333333	0.06145833333333333	159.08333333333334	4.342708333333333	0.5772708333333333	14.134083333333331	-0.21850000000000006	0.024999999999999998	0.9785395833333336	0.0
76	29	6	1994	NSA-OBS-FLXTR	111.69008333333333	46.979020833333344	188.24770833333332	-2.1988333333333334	357.7000624999999	0.42687499999999995	125.8125	2.3045833333333334	0.23481249999999998	12.809958333333332	-0.21850000000000006	0.024999999999999998	0.7052958333333333	0.0
78	1	7	1994	NSA-OBS-FLXTR	82.99520833333334	55.57858333333334	147.66125	-2.3537291666666667	355.0109791666667	0.030625000000000107	289.7291666666667	3.798541666666667	0.40950000000000003	16.916999999999998	9.311437500000002	-0.21868750000000012	0.7843062500000001	0.0
79	2	7	1994	NSA-OBS-FLXTR	87.3233125	29.06191666666666	151.6625	-1.9108749999999999	355.9795833333333	-0.06812500000000012	153.54166666666666	3.4993749999999992	0.402625	15.22264583333333	9.369614583333332	-0.21984375000000014	0.8529416666666667	0.0
80	3	7	1994	NSA-OBS-FLXTR	-16.210666666666665	25.731083333333334	26.262500000000003	1.6181458333333332	352.4111041666666	0.033124999999999995	108.14583333333333	3.789583333333334	0.4966666666666664	13.585979166666666	10.165239583333333	-0.21121875	1.1768312499999996	0.09166666666666666
81	4	7	1994	NSA-OBS-FLXTR	14.737458333333336	26.834104166666663	57.956250000000004	0.5551875000000003	353.39456250000006	0.03562499999999997	95.95833333333333	2.9308333333333327	0.335875	12.510729166666666	9.908041666666668	-0.21699999999999994	1.385154166666667	0.0020833333333333333
82	5	7	1994	NSA-OBS-FLXTR	0.8743333333333331	14.649520833333334	28.586249999999996	0.2560416666666663	355.9340833333334	0.003125000000000037	72.3125	4.448333333333335	0.5305416666666664	5.971041666666671	6.641979166666668	-0.22078125000000015	0.8950041666666667	0.6541666666666667
83	6	7	1994	NSA-OBS-FLXTR	10.949625	29.079333333333334	56.2225	-1.7037083333333334	353.4593333333333	-0.04416666666666667	61.875	3.137083333333333	0.361	6.242124999999999	5.897625000000001	-0.21793750000000003	0.8958666666666667	0.0
84	7	7	1994	NSA-OBS-FLXTR	8.397479166666667	25.45245833333333	59.46874999999999	-0.9281874999999996	351.47835416666675	-0.03958333333333342	120.66666666666667	2.8200000000000003	0.3139166666666666	8.989104166666664	5.857864583333334	-0.2246250000000001	1.0175520833333338	0.0
85	8	7	1994	NSA-OBS-FLXTR	103.66245833333333	68.76168750000001	223.89125	-0.2003541666666667	356.0757499999999	0.0891666666666665	66.89583333333333	2.367083333333334	0.25229166666666664	15.064020833333336	8.287354166666667	-0.21425000000000008	0.9582312500000002	0.0
86	9	7	1994	NSA-OBS-FLXTR	116.43585416666669	63.36899999999999	202.44125	-0.29927083333333343	357.2718750000001	0.002916666666666637	135.64583333333334	1.904791666666667	0.28343749999999995	18.288187500000006	9.098666666666668	-0.21139583333333342	0.8253416666666665	0.0
87	10	7	1994	NSA-OBS-FLXTR	17.894645833333332	25.097083333333327	52.153749999999995	-0.21510416666666657	349.92270833333333	-0.1906249999999999	157.10416666666666	2.619791666666666	0.25918749999999996	17.3685	9.8563125	-0.2100416666666668	1.2255437500000002	0.0
88	11	7	1994	NSA-OBS-FLXTR	57.5803125	53.0489375	150.61041666666665	-0.3191250000000004	350.92541666666676	0.15666666666666676	78.29166666666667	4.140625	0.5380416666666665	13.12104166666667	9.799250000000002	-0.20419791666666678	0.9978083333333334	0.0020833333333333333
89	12	7	1994	NSA-OBS-FLXTR	146.62004166666668	50.244375	217.03	-1.4264374999999998	353.1794375	0.016249999999999765	175.60416666666666	1.9222916666666672	0.29720833333333335	15.402395833333332	7.9675625000000005	-0.21944791666666677	0.7506833333333335	0.0
90	13	7	1994	NSA-OBS-FLXTR	89.83389130434783	50.57478260869566	171.955	-0.5379130434782609	352.20628260869563	-0.07108695652173916	232.97826086956522	3.1630434782608696	0.36710869565217386	18.3955	10.076510869565213	-0.21258695652173926	0.9848173913043476	0.0
91	14	7	1994	NSA-OBS-FLXTR	84.64072916666667	50.93914583333333	158.06645833333332	-0.49879166666666647	356.71143749999993	0.09958333333333337	224.47916666666666	2.920833333333333	0.32329166666666664	19.912583333333338	11.840781250000001	-0.20703125000000014	1.1104104166666666	0.0
92	15	7	1994	NSA-OBS-FLXTR	42.10820833333333	45.95747916666665	94.11874999999999	0.0714375	358.3758541666668	-0.004375000000000039	116.97916666666667	2.569791666666666	0.26387499999999997	18.306749999999997	12.894270833333332	-0.20988541666666674	1.2538583333333333	0.0
93	16	7	1994	NSA-OBS-FLXTR	133.6021875	48.9441875	195.08500000000004	-1.8185208333333334	352.4861458333334	-0.013541666666666606	120.20833333333333	2.0795833333333333	0.28920833333333323	16.475333333333335	10.56946875	-0.20550000000000004	0.9497416666666667	0.0
94	17	7	1994	NSA-OBS-FLXTR	111.00064583333334	47.80508333333333	193.86125	-1.8478333333333337	354.18687500000004	0.03499999999999975	202.125	2.437708333333333	0.2384375	19.00743749999999	10.817124999999999	-0.20297916666666663	0.9239020833333336	0.0
95	18	7	1994	NSA-OBS-FLXTR	108.76837499999999	38.99466666666667	186.16125000000002	-1.0680624999999997	354.66568750000005	-0.05854166666666665	193.33333333333334	3.1831250000000004	0.3516249999999999	20.500333333333334	12.388739583333333	-0.20089583333333336	1.0722729166666662	0.0
96	19	7	1994	NSA-OBS-FLXTR	-9.452977777777779	20.933155555555555	25.212	0.2086222222222222	357.1543555555555	0.04688888888888874	110.82222222222222	2.851111111111111	0.26393333333333335	18.32675555555555	12.55593333333333	-0.19510000000000002	1.365395555555556	0.1911111111111111
97	20	7	1994	NSA-OBS-FLXTR	31.072770833333333	84.27929166666665	152.67645833333333	0.9702083333333335	348.54010416666665	0.02875000000000001	35.416666666666664	4.359791666666665	0.4751041666666667	16.950124999999996	13.568145833333325	-0.2080312500000002	1.4879145833333336	0.06041666666666667
98	21	7	1994	NSA-OBS-FLXTR	73.89860416666666	64.92041666666667	168.32395833333334	0.4810416666666663	356.55231249999997	0.05791666666666671	208.83333333333334	2.2958333333333334	0.2616458333333333	21.81275000000001	13.33819791666666	-0.20915625000000007	1.3791791666666668	0.0
99	22	7	1994	NSA-OBS-FLXTR	6.096000000000003	44.32516666666668	42.18020833333333	2.2796249999999985	355.6721458333332	-0.06687499999999998	220.91666666666666	3.711875000000004	0.3700208333333331	20.9653125	9.764374999999998	-0.15364583333333334	1.3499041666666667	0.020833333333333332
100	23	7	1994	NSA-OBS-FLXTR	-4.682999999999995	0.7280000000000008	-23.269999999999992	0.05299999999999997	349.0253125	-0.010000000000000005	156.0	3.0500000000000003	0.298	16.728270833333333	-0.21850000000000006	0.024999999999999998	1.0267249999999997	0.0
101	24	7	1994	NSA-OBS-FLXTR	-4.682999999999995	0.7280000000000008	-23.269999999999992	0.05299999999999997	349.64514583333334	-0.010000000000000005	156.0	3.0500000000000003	0.298	14.213041666666674	-0.21850000000000006	0.024999999999999998	0.9055166666666664	0.0
102	25	7	1994	NSA-OBS-FLXTR	-4.682999999999997	0.7280000000000002	-23.269999999999996	0.053	356.7896538461539	-0.010000000000000002	156.0	3.049999999999999	0.298	13.022615384615385	-0.2185	0.02500000000000002	0.7547846153846153	0.0
103	27	7	1994	NSA-OBS-FLXTR	99.50028571428571	68.46814285714285	210.13857142857145	-2.404857142857143	340.3852857142857	-0.2071428571428571	241.71428571428572	4.8	0.7228571428571428	24.026999999999997	16.797857142857143	-0.17342857142857143	1.464	0.0
104	28	7	1994	NSA-OBS-FLXTR	105.88583333333334	64.17254166666665	181.18375	0.34039583333333295	350.5005000000001	0.0920833333333333	147.75	3.2847916666666657	0.3729375000000001	20.371125000000003	13.950489583333336	-0.2100937500000001	1.231002083333333	0.0
105	29	7	1994	NSA-OBS-FLXTR	95.99972916666667	50.36618749999999	173.58	-1.218041666666667	352.47612499999997	-0.09958333333333307	197.77083333333334	2.633333333333334	0.3033333333333333	20.98027083333334	12.714333333333334	-0.20372916666666666	1.1135416666666669	0.0
106	30	7	1994	NSA-OBS-FLXTR	50.670458333333336	31.0404375	116.47624999999998	-0.7175208333333334	354.7788958333335	-0.03749999999999989	149.0625	2.90625	0.30485416666666665	17.22908333333334	12.672000000000002	-0.20267708333333334	1.3411520833333332	0.0
107	31	7	1994	NSA-OBS-FLXTR	82.03120833333332	44.411187500000004	146.46145833333338	-2.1559999999999997	351.3530625	0.0806250000000001	95.20833333333333	1.817916666666667	0.21729166666666663	14.789875000000002	10.261437499999998	-0.18538541666666666	0.9363333333333334	0.0
108	1	8	1994	NSA-OBS-FLXTR	90.35702083333335	44.82110416666668	145.59875000000002	-1.9230625000000001	346.15312500000005	-0.07124999999999973	204.79166666666666	1.2614583333333333	0.22950000000000007	18.22522916666667	10.677510416666665	-0.17878125	0.9222291666666664	0.0
109	2	8	1994	NSA-OBS-FLXTR	26.48613953488372	45.83190697674419	76.15697674418605	-0.22248837209302313	353.01120930232565	0.5523255813953489	221.3953488372093	3.610232558139535	0.3944418604651163	19.99253488372093	14.028197674418605	-0.1541860465116278	1.4548023255813953	0.0069767441860465115
110	3	8	1994	NSA-OBS-FLXTR	-12.740288888888884	6.57446666666667	61.959111111111106	1.108999999999999	353.0513333333334	0.2024444444444445	149.7111111111111	3.487111111111113	0.31504444444444446	10.82862222222222	8.484533333333333	-0.12333333333333331	0.8299044444444448	0.0
111	4	8	1994	NSA-OBS-FLXTR	99.48491489361703	52.544978723404256	167.0008510638298	-2.1387872340425536	351.6623191489361	-8.880307836596165e-17	278.9574468085106	4.214680851063831	0.4599999999999998	13.538404255319147	7.940414893617021	-0.0883723404255319	0.7696127659574469	0.0
112	5	8	1994	NSA-OBS-FLXTR	21.138340425531904	48.220723404255295	87.62191489361702	-0.5169999999999998	347.4467659574468	0.33085106382978713	253.3404255319149	4.620851063829788	0.5402340425531916	19.65474468085107	11.94187234042553	-0.05378723404255317	0.9402234042553195	0.0
113	6	8	1994	NSA-OBS-FLXTR	-3.964177777777775	29.22504444444445	17.481777777777783	1.4627333333333334	352.7406222222222	-0.08533333333333332	123.93333333333334	3.675555555555557	0.4210666666666666	11.395688888888888	11.306344444444447	-0.01734444444444444	1.132688888888889	0.2511111111111111
114	7	8	1994	NSA-OBS-FLXTR	54.83927083333334	38.40464583333334	83.94020833333333	-1.8538125	352.8867291666667	-0.029166666666666636	250.91666666666666	2.8589583333333333	0.31104166666666666	9.970562499999998	8.477489583333332	0.030697916666666675	0.7308083333333332	0.0
115	8	8	1994	NSA-OBS-FLXTR	98.45831250000002	45.135187499999994	170.58249999999998	-2.1305416666666672	350.5592291666666	-0.042083333333333396	262.375	2.8633333333333333	0.2902291666666667	12.879708333333332	7.2621979166666675	0.07105208333333336	0.7306125	0.0
116	9	8	1994	NSA-OBS-FLXTR	20.85877083333333	43.75364583333333	78.595	-0.7835416666666662	348.56258333333335	0.05729166666666661	230.54166666666666	4.0179166666666655	0.46229166666666677	15.8251875	9.7120625	0.10408333333333332	1.0334208333333332	0.0
117	10	8	1994	NSA-OBS-FLXTR	66.75779166666666	2.7994375000000002	125.36541666666665	0.225729166666667	351.941125	-0.008333333333333168	197.85416666666666	2.328541666666667	0.23058333333333328	14.25339583333333	8.44613541666667	0.1244583333333333	0.84785625	0.0
118	11	8	1994	NSA-OBS-FLXTR	19.070708333333332	0.7280000000000008	65.3675	0.05299999999999997	351.2778958333333	-0.07270833333333367	215.47916666666666	2.945833333333334	0.27327083333333335	16.91983333333333	10.538510416666668	0.1602812499999999	1.2000979166666668	0.16041666666666668
119	12	8	1994	NSA-OBS-FLXTR	-13.790625	0.7280000000000008	23.911249999999995	0.05299999999999997	350.183	0.05541666666666664	263.2708333333333	4.783541666666667	0.5680625	10.552708333333333	8.739187499999998	0.19866666666666646	1.05290625	0.012500000000000002
120	13	8	1994	NSA-OBS-FLXTR	36.32354166666667	0.7280000000000008	119.76250000000003	0.05299999999999997	348.5573541666667	-0.031458333333333324	321.5	5.292083333333333	0.626375	9.858270833333334	7.194135416666665	0.2262708333333334	0.82845625	0.010416666666666666
121	14	8	1994	NSA-OBS-FLXTR	47.15016666666666	0.7280000000000008	131.42916666666667	0.05299999999999997	350.5417499999999	0.016041666666666704	282.7291666666667	3.997916666666668	0.4561041666666667	15.909624999999997	9.787833333333332	0.24404166666666685	0.9840875000000001	0.0
122	15	8	1994	NSA-OBS-FLXTR	33.321250000000006	0.7280000000000008	104.22500000000002	0.05299999999999997	353.77464583333335	0.08416666666666672	256.6875	3.4268750000000003	0.37452083333333325	20.158520833333327	12.368812499999999	0.2612604166666668	1.2499562499999997	0.024999999999999998
123	16	8	1994	NSA-OBS-FLXTR	-4.682999999999995	0.7280000000000008	124.85000000000001	0.05299999999999997	349.2024791666666	-0.11166666666666669	156.0	3.0500000000000003	0.298	12.753	10.208656250000002	0.280375	0.9026125000000002	0.0
124	17	8	1994	NSA-OBS-FLXTR	-4.682999999999995	0.7280000000000008	50.737500000000004	0.05299999999999997	351.20849999999996	-0.07750000000000008	156.0	3.0500000000000003	0.298	11.229041666666669	7.101124999999999	0.3296354166666668	0.8470520833333333	0.0
125	18	8	1994	NSA-OBS-FLXTR	-4.682999999999995	0.7280000000000008	119.52166666666669	0.05299999999999997	349.8511250000001	0.05916666666666665	156.0	3.0500000000000003	0.298	13.8915	8.473114583333333	0.3428333333333334	1.0114583333333333	0.0
126	19	8	1994	NSA-OBS-FLXTR	-4.682999999999995	0.7280000000000008	134.24125	0.05299999999999997	353.55718750000005	0.6374999999999992	156.0	3.0500000000000003	0.298	16.96479166666667	11.573479166666667	0.3828020833333335	1.2651333333333332	0.0
127	20	8	1994	NSA-OBS-FLXTR	-4.682999999999995	0.7280000000000008	141.33625	0.05299999999999997	353.6678541666667	-0.010000000000000005	156.0	3.0500000000000003	0.298	17.571687500000003	12.063114583333336	0.4198541666666665	1.1283895833333337	0.0
128	21	8	1994	NSA-OBS-FLXTR	-4.682999999999995	0.7280000000000008	70.16625	0.05299999999999997	351.6424583333333	-0.010000000000000005	156.0	3.0500000000000003	0.298	14.143208333333336	10.509729166666666	0.44896874999999964	0.915364583333333	0.0
129	22	8	1994	NSA-OBS-FLXTR	-4.682999999999995	0.7280000000000008	65.60125	0.05299999999999997	349.2933541666667	0.038958333333333324	156.0	3.0500000000000003	0.298	17.179895833333333	11.649927083333337	0.46045833333333325	1.3507645833333335	0.0
130	23	8	1994	NSA-OBS-FLXTR	-4.682999999999995	0.7280000000000008	161.43875	0.05299999999999997	354.15329166666675	0.03979166666666655	156.0	3.0500000000000003	0.298	19.62383333333333	13.2885	0.49953125000000026	1.337666666666667	0.012499999999999999
131	24	8	1994	NSA-OBS-FLXTR	-4.682999999999995	0.7280000000000008	142.2025	0.05299999999999997	349.08458333333334	-0.06395833333333334	156.0	3.0500000000000003	0.298	18.63577083333333	11.225583333333333	0.5371875000000005	0.8602833333333334	0.0
132	25	8	1994	NSA-OBS-FLXTR	-4.682999999999995	0.7280000000000008	20.93770833333333	0.05299999999999997	348.7857083333334	0.03708333333333332	156.0	3.0500000000000003	0.298	14.132166666666658	10.228708333333332	0.5919687499999996	1.0040708333333337	0.0
133	26	8	1994	NSA-OBS-FLXTR	-4.682999999999995	0.7280000000000008	106.72750000000002	0.05299999999999997	346.3290208333333	-0.030000000000000002	156.0	3.0500000000000003	0.298	11.976750000000001	9.029322916666667	0.6536041666666667	0.7911687499999998	0.0
134	27	8	1994	NSA-OBS-FLXTR	-4.682999999999995	0.7280000000000008	90.92875	0.05299999999999997	349.16974999999996	0.005208333333333592	156.0	3.0500000000000003	0.298	10.302666666666667	5.817395833333335	0.7234479166666667	0.6784458333333334	0.0
135	28	8	1994	NSA-OBS-FLXTR	-4.682999999999995	0.7280000000000008	81.30375000000001	0.05299999999999997	349.9526458333334	0.03583333333333338	156.0	3.0500000000000003	0.298	11.018895833333334	7.089031249999998	0.77521875	0.76645625	0.0
136	29	8	1994	NSA-OBS-FLXTR	-4.682999999999995	0.7280000000000008	56.60520833333333	0.05299999999999997	347.8783333333334	-0.008333333333333371	156.0	3.0500000000000003	0.298	8.938458333333331	7.705833333333332	0.7829687499999999	0.910375	0.0020833333333333333
137	30	8	1994	NSA-OBS-FLXTR	-4.682999999999995	0.7280000000000008	89.67750000000001	0.05299999999999997	350.59137499999997	0.01437499999999991	156.0	3.0500000000000003	0.298	9.713770833333331	7.526406250000001	0.834989583333333	0.8490124999999996	0.0
138	31	8	1994	NSA-OBS-FLXTR	-4.682999999999996	0.7280000000000005	64.21222222222222	0.05299999999999998	353.39344444444436	0.13972222222222225	156.0	3.0499999999999985	0.298	10.226555555555557	3.818638888888889	0.811944444444444	0.7274611111111109	0.0
139	1	9	1994	NSA-OBS-FLXTR	7.33047916666667	6.625979166666667	84.95916666666668	-0.40804166666666664	355.8150416666667	0.3364583333333335	164.3125	2.9947916666666656	0.30283333333333334	7.541104166666666	4.744145833333333	0.5257499999999997	0.9090812500000004	0.0
140	2	9	1994	NSA-OBS-FLXTR	56.03220833333333	28.123437499999998	113.69520833333331	-0.4416875000000003	351.57812500000006	0.0477083333333333	227.25	3.9414583333333333	0.33516666666666667	14.456354166666662	8.075427083333333	0.8889062499999995	0.8827729166666667	0.0
141	3	9	1994	NSA-OBS-FLXTR	54.80508333333333	31.14289583333334	100.53645833333336	-0.7958125000000003	351.1976041666667	-0.04416666666666661	196.83333333333334	4.5531250000000005	0.40593750000000006	14.920187499999999	8.475812499999998	0.9081458333333332	0.8874041666666667	0.0
142	4	9	1994	NSA-OBS-FLXTR	-25.74931707317073	8.320634146341463	-11.91634146341464	1.5563414634146338	352.2039268292683	0.12268292682926824	139.21951219512195	3.3863414634146336	0.3460731707317073	12.002414634146339	7.577878048780487	0.9358780487804873	1.0620658536585363	0.01951219512195122
143	5	9	1994	NSA-OBS-FLXTR	-1.7000416666666684	47.11172916666666	60.19395833333332	0.7837916666666667	352.79631249999994	0.11041666666666662	258.2708333333333	4.1918750000000005	0.48485416666666664	12.988874999999998	9.694677083333334	0.9473750000000004	1.292522916666666	0.0
144	6	9	1994	NSA-OBS-FLXTR	25.51558333333333	35.78458333333333	65.28145833333333	-0.21233333333333315	356.27479166666666	0.031249999999999997	275.6041666666667	5.542500000000001	0.5501666666666667	11.536520833333329	6.954208333333334	0.977875	0.8089312499999998	0.0
145	7	9	1994	NSA-OBS-FLXTR	29.468937499999992	24.354812499999998	69.99770833333334	-0.35756250000000006	349.03187499999996	-0.046458333333333345	296.3541666666667	5.0166666666666675	0.6352916666666665	10.2356875	7.6383125000000005	1.0133229166666669	0.8288645833333333	0.0
146	8	9	1994	NSA-OBS-FLXTR	59.965086956521745	22.538	95.64586956521741	-1.1744565217391305	353.15732608695646	0.0708695652173915	175.45652173913044	2.3169565217391304	0.30093478260869566	9.685260869565218	4.4	0.9955760869565219	0.7183826086956518	0.0
147	9	9	1994	NSA-OBS-FLXTR	35.55427083333335	26.193229166666658	96.48020833333332	0.2017083333333333	352.2994791666667	0.012083333333333371	145.91666666666666	3.7083333333333326	0.4740624999999999	14.859874999999995	8.485145833333332	1.0637395833333334	0.885641666666667	0.0
148	10	9	1994	NSA-OBS-FLXTR	-27.477302325581388	4.443255813953491	5.1686046511627906	1.6428837209302316	352.91388372093024	0.09558139534883722	142.2093023255814	3.573488372093026	0.4212325581395345	17.8033023255814	11.097895348837211	1.076988372093023	1.2435581395348836	0.0
149	11	9	1994	NSA-OBS-FLXTR	-4.682999999999996	0.7280000000000005	-4.661388888888885	0.05299999999999998	353.535	-0.22527777777777777	156.0	3.0499999999999985	0.298	12.401583333333331	9.357430555555556	1.0895416666666664	0.9897833333333335	0.0
150	12	9	1994	NSA-OBS-FLXTR	15.337999999999997	39.8455	57.09	-2.1415	361.81	0.255	215.5	4.39	0.61775	16.188000000000002	11.279875	1.1724999999999999	0.4454	0.0
151	13	9	1994	NSA-OBS-FLXTR	-8.501974999999998	2.0297749999999994	-15.535500000000004	1.0266749999999998	361.12519999999995	0.9462500000000015	213.525	2.6819999999999995	0.22999999999999998	7.718049999999996	4.4725624999999996	1.0108374999999996	0.5540374999999998	0.0
152	14	9	1994	NSA-OBS-FLXTR	1.2219347826086988	26.251304347826082	35.00847826086957	-0.6723695652173912	361.19797826086966	-0.09630434782608693	163.84782608695653	3.0686956521739117	0.3293913043478261	5.887543478260869	2.9948260869565217	0.31375000000000003	1.3476760869565216	0.0
153	15	9	1994	NSA-OBS-FLXTR	39.588208333333334	60.28164583333335	109.68020833333334	0.8589999999999995	362.32520833333336	-0.07604166666666656	250.16666666666666	3.955208333333332	0.43083333333333335	15.862395833333336	11.476708333333333	1.2462395833333335	1.3588916666666666	0.1125
154	16	9	1994	NSA-OBS-FLXTR	40.69975	42.69387499999999	109.77999999999999	0.8628124999999995	361.1377708333334	-0.017291666666666674	276.7916666666667	3.314791666666667	0.4125416666666666	13.521041666666664	9.848979166666668	1.275822916666668	1.0762250000000002	0.0
155	17	9	1994	NSA-OBS-FLXTR	28.91847916666666	39.62122916666666	88.59124999999999	1.2415625000000001	357.1728749999999	0.015208333333333305	281.5	3.9875000000000003	0.41247916666666656	15.76325	8.409666666666668	1.3257083333333333	0.7708125000000002	0.0
156	18	9	1994	NSA-OBS-FLXTR	41.847708333333344	34.38004166666668	93.66499999999998	-0.03997916666666663	359.43325	0.022083333333333146	155.91666666666666	2.98	0.3300208333333332	17.74516666666667	7.650531249999999	1.3704375000000002	0.8589875	0.0
157	19	9	1994	NSA-OBS-FLXTR	45.43824999999999	32.734208333333335	82.14250000000001	0.890770833333333	357.4845833333333	-0.15979166666666664	315.3125	3.7962499999999992	0.44731249999999995	16.761729166666665	10.185218749999997	1.4147395833333343	0.9155979166666666	0.0
158	20	9	1994	NSA-OBS-FLXTR	-11.981291666666666	11.328333333333331	-1.5949999999999982	0.7668541666666666	362.9834375	0.16875000000000007	204.91666666666666	2.898333333333333	0.18266666666666673	10.909979166666668	6.266697916666665	1.4391250000000009	0.9039333333333336	0.1416666666666667
159	21	9	1994	NSA-OBS-FLXTR	24.758041666666667	42.72266666666667	69.38250000000001	-0.16510416666666683	356.5367708333334	-0.15833333333333333	311.5208333333333	3.6714583333333337	0.3676458333333334	7.174374999999998	6.276854166666666	1.4837499999999995	0.8113791666666669	0.0
160	22	9	1994	NSA-OBS-FLXTR	-5.169854166666661	0.806750000000001	73.05375	0.3267916666666673	359.77327083333324	0.13979166666666684	193.97916666666666	2.898333333333332	0.2681041666666667	2.4601250000000023	5.426010416666666	1.5068020833333344	0.5237083333333329	0.0
161	23	9	1994	NSA-OBS-FLXTR	-4.682999999999995	0.7280000000000008	79.30999999999999	0.05299999999999997	361.80999999999995	-0.010000000000000005	156.0	3.0500000000000003	0.298	1.3370000000000015	7.889302083333333	1.5327187499999992	0.44539999999999963	0.0
162	24	9	1994	NSA-OBS-FLXTR	13.716047619047623	7.916309523809524	12.814761904761905	-0.41697619047619044	358.8311904761905	0.047857142857142855	192.97619047619048	3.03642857142857	0.3238333333333333	3.2562619047619057	6.546321428571428	1.4792380952380948	0.45856428571428554	0.0
163	25	9	1994	NSA-OBS-FLXTR	46.28468749999999	15.922666666666666	70.86749999999999	-0.35627083333333315	354.1391041666666	-0.016666666666666493	178.45833333333334	4.184583333333333	0.41385416666666663	7.412187500000001	2.194697916666667	1.5566458333333328	0.5177666666666667	0.0
164	26	9	1994	NSA-OBS-FLXTR	4.4704791666666726	21.823979166666664	38.54125	-0.009562500000000203	351.3944791666667	0.09479166666666668	190.16666666666666	4.521250000000002	0.5671041666666666	10.167229166666665	5.75215625	1.5530416666666664	0.7953354166666667	0.0
165	27	9	1994	NSA-OBS-FLXTR	-4.093208333333334	18.260916666666667	12.979999999999992	0.8413125000000004	355.20270833333325	-0.03666666666666663	147.91666666666666	4.645208333333332	0.5144791666666667	6.976354166666667	6.041645833333334	1.5321875	0.8123791666666667	0.0020833333333333333
166	28	9	1994	NSA-OBS-FLXTR	15.044916666666667	10.906895833333335	33.495	0.01456250000000006	352.99399999999997	0.000625000000000026	116.875	1.801875	0.18516666666666662	2.905791666666667	3.7373333333333334	1.5247812500000004	0.6076791666666665	0.0
167	29	9	1994	NSA-OBS-FLXTR	25.368416666666665	12.607770833333333	40.21520833333333	0.0328750000000001	355.4480416666666	-0.022708333333333275	98.58333333333333	2.027083333333333	0.23810416666666667	3.0678125000000005	3.7685416666666676	1.5131458333333334	0.6223041666666667	0.0
168	30	9	1994	NSA-OBS-FLXTR	34.454874999999994	14.40825	50.15645833333334	-0.18447916666666675	354.15393750000004	-0.021041666666666667	305.5208333333333	3.427291666666665	0.2859791666666667	2.8486875000000005	1.438635416666667	1.4494791666666664	0.5068750000000001	0.0
169	1	10	1994	NSA-OBS-FLXTR	43.508229166666666	4.342583333333335	77.3575	-0.32368749999999996	356.61768749999993	0.0014583333333333195	204.08333333333334	2.6429166666666664	0.18054166666666668	2.8347708333333337	0.2281249999999999	1.5097604166666663	0.4439708333333334	0.0
170	2	10	1994	NSA-OBS-FLXTR	13.5795625	7.553124999999999	32.353749999999984	-0.06018750000000017	354.6682499999999	0.021250000000000022	58.958333333333336	2.9381250000000008	0.30054166666666665	2.527541666666666	0.5791562499999999	1.469291666666666	0.4288020833333332	0.0
171	3	10	1994	NSA-OBS-FLXTR	42.148166666666675	7.925770833333334	59.121458333333344	-0.09018750000000005	357.1108333333334	0.012500000000000011	44.75	2.6054166666666667	0.20702083333333332	1.9193750000000003	0.6899583333333336	1.4478125000000006	0.3746875	0.0
172	4	10	1994	NSA-OBS-FLXTR	-4.487604166666666	6.6104375	9.872499999999999	-0.0756458333333334	356.7528958333333	0.022083333333333326	204.16666666666666	4.44625	0.4479583333333334	4.221374999999999	0.9150312500000001	1.4106354166666675	0.4817729166666667	0.0
173	5	10	1994	NSA-OBS-FLXTR	11.266354166666664	14.834624999999997	42.735000000000014	-0.3746458333333336	359.29029166666663	0.1289583333333333	220.27083333333334	5.072916666666668	0.6751041666666667	9.316625	3.9143749999999997	1.3441875000000019	0.7710499999999998	0.0
174	6	10	1994	NSA-OBS-FLXTR	-12.648822222222217	7.222399999999999	5.144222222222216	0.6162666666666669	365.5162444444445	-0.06977777777777781	254.73333333333332	4.284888888888889	0.49384444444444436	8.983777777777778	4.414955555555555	1.2796888888888895	0.8705177777777777	0.0
175	7	10	1994	NSA-OBS-FLXTR	38.974695652173914	9.756304347826086	46.04217391304348	-0.10323913043478264	355.4524347826087	-0.043043478260869565	174.41304347826087	3.0313043478260875	0.38091304347826094	0.8578913043478261	2.672815217391305	1.2918260869565228	0.522404347826087	0.0
176	8	10	1994	NSA-OBS-FLXTR	25.21868749999999	4.0825000000000005	36.68500000000001	-0.13608333333333325	359.1755	-0.007500000000000002	189.47916666666666	1.5616666666666665	0.16866666666666666	0.3824374999999998	0.4812395833333334	1.283510416666667	0.4695791666666666	0.0
177	9	10	1994	NSA-OBS-FLXTR	18.352812500000002	4.951770833333334	48.51000000000001	0.03725000000000022	359.7889166666667	0.017916666666666647	212.1875	2.2660416666666667	0.18637499999999999	4.019979166666667	0.5260625	1.2597604166666663	0.6062479166666667	0.0
178	10	10	1994	NSA-OBS-FLXTR	-11.568500000000006	6.834354166666667	9.638750000000003	0.25452083333333325	360.2634791666666	0.06166666666666668	127.16666666666667	3.590833333333334	0.4395208333333333	5.852125000000001	2.5654583333333334	1.2181458333333337	0.6866145833333336	0.0
179	11	10	1994	NSA-OBS-FLXTR	22.14345833333334	12.939770833333332	41.19145833333334	0.5360833333333332	359.6245208333333	-0.086875	267.75	3.7745833333333323	0.5104583333333335	7.436354166666667	4.005364583333332	1.1853125000000007	0.7072375000000002	0.0
180	12	10	1994	NSA-OBS-FLXTR	28.362875	4.886166666666666	35.75	0.4674791666666667	356.79664583333334	-0.022291666666666654	274.5208333333333	3.9597916666666673	0.37016666666666675	2.7033124999999996	0.5419687500000002	1.2010416666666661	0.4810333333333336	0.0
181	13	10	1994	NSA-OBS-FLXTR	28.101520833333336	2.1591666666666667	48.01499999999999	0.8965000000000001	358.4587916666667	0.057916666666666734	146.97916666666666	2.875208333333333	0.26795833333333335	-0.43954166666666666	-1.042208333333333	1.187572916666666	0.3562187500000001	0.0
182	14	10	1994	NSA-OBS-FLXTR	-14.652488888888886	0.9248666666666668	-23.269999999999992	0.6480222222222223	358.0426666666666	0.09444444444444447	133.9777777777778	3.0235555555555558	0.30266666666666675	0.9215777777777777	-0.4183222222222223	1.1154888888888896	0.5262800000000002	0.0
183	15	10	1994	NSA-OBS-FLXTR	-4.033222222222218	0.7000666666666667	-23.269999999999992	0.7446222222222223	365.4658888888888	0.06044444444444447	140.51111111111112	3.1439999999999984	0.3196888888888889	3.821155555555554	0.25620000000000004	1.0906555555555557	0.7726622222222223	0.0
184	16	10	1994	NSA-OBS-FLXTR	-6.801499999999996	-0.27870833333333317	-23.269999999999992	0.7292291666666658	363.9438125	0.08395833333333334	105.52083333333333	3.0362500000000003	0.32693750000000005	4.611083333333334	2.420822916666667	1.0689479166666669	0.8438875000000001	0.0062499999999999995
185	17	10	1994	NSA-OBS-FLXTR	4.940500000000001	9.287958333333334	-23.269999999999992	0.6805	362.52943750000003	-0.10770833333333335	236.875	2.009166666666666	0.22993750000000002	3.5158333333333336	3.5510208333333337	1.0724374999999997	0.7688333333333333	0.0
186	18	10	1994	NSA-OBS-FLXTR	2.0830625000000005	2.449708333333333	-23.269999999999992	0.8251666666666663	365.5317916666666	0.05937500000000001	71.58333333333333	1.517916666666667	0.17960416666666668	4.144958333333335	3.7495416666666657	1.045874999999999	0.8158666666666666	0.0
187	19	10	1994	NSA-OBS-FLXTR	26.082155555555552	19.2436	-23.269999999999992	0.9743777777777775	363.7976222222222	-0.09488888888888888	264.4888888888889	3.1582222222222223	0.38562222222222226	5.052066666666667	3.513744444444444	1.0379999999999991	0.7480311111111108	0.0
188	20	10	1994	NSA-OBS-FLXTR	-7.310787234042556	4.502042553191489	-23.269999999999992	0.515	364.31397872340426	0.03617021276595742	169.6595744680851	2.400212765957447	0.21597872340425536	2.6639361702127653	1.2015425531914894	1.027702127659574	0.6609468085106385	0.014893617021276595
189	21	10	1994	NSA-OBS-FLXTR	6.464249999999997	10.119458333333334	-23.269999999999992	0.7287083333333334	361.5397708333334	-0.050416666666666686	225.58333333333334	2.756458333333334	0.29335416666666675	5.2357916666666675	2.0218124999999993	1.0377916666666656	0.7227645833333334	0.0
190	22	10	1994	NSA-OBS-FLXTR	-26.67958333333334	4.2705625000000005	-23.269999999999992	0.8684791666666668	359.4888958333333	-0.027499999999999997	56.916666666666664	5.080416666666666	0.6099374999999999	2.3998958333333333	1.635979166666666	1.0401979166666668	0.6504270833333334	0.11874999999999998
191	23	10	1994	NSA-OBS-FLXTR	1.6419375	14.684375000000003	-23.269999999999992	0.8216458333333331	356.28231249999993	-0.007499999999999999	116.66666666666667	5.074583333333332	0.6179166666666666	-3.841458333333334	0.5226354166666667	1.0575416666666673	0.4241270833333333	0.08541666666666668
192	24	10	1994	NSA-OBS-FLXTR	18.122375	10.362041666666668	-23.269999999999992	0.8120416666666667	355.9324791666666	0.025000000000000005	337.375	4.062083333333335	0.5447916666666665	-5.318229166666666	0.18377083333333333	1.0378437500000006	0.3720145833333333	0.0
193	25	10	1994	NSA-OBS-FLXTR	2.572687499999999	2.0392708333333336	-23.269999999999992	0.6033958333333335	359.63912500000015	0.044999999999999984	211.89583333333334	2.4299999999999997	0.31612499999999993	-6.381270833333336	-0.10271875000000001	1.0292916666666667	0.35952083333333335	0.0
194	26	10	1994	NSA-OBS-FLXTR	-15.753041666666666	-0.6588333333333333	-23.269999999999992	0.8369166666666669	360.65691666666663	0.05270833333333331	152.83333333333334	4.0027083333333335	0.5144166666666666	0.49781249999999994	0.01042708333333333	1.0208229166666662	0.6086979166666667	0.0
195	27	10	1994	NSA-OBS-FLXTR	-31.735937500000006	-0.6850833333333332	-23.269999999999992	0.8057708333333334	365.98077083333345	0.056041666666666684	179.95833333333334	3.6556250000000006	0.3314375	2.764354166666667	0.01607291666666665	0.966114583333333	0.6722291666666668	0.03958333333333334
196	28	10	1994	NSA-OBS-FLXTR	-48.597874999999995	24.33035416666667	-23.269999999999992	1.010541666666667	361.7146875000001	-0.057708333333333355	246.4375	4.382083333333333	0.5255833333333334	3.155270833333333	0.011093749999999998	0.9559895833333337	0.6692604166666665	0.0
197	29	10	1994	NSA-OBS-FLXTR	-32.772083333333335	11.45075	-23.269999999999992	0.6608750000000001	358.9056250000001	-0.059375000000000004	266.2708333333333	5.848125	0.8946666666666664	-0.5195208333333333	0.059468749999999994	0.9481458333333337	0.5692916666666669	0.010416666666666666
198	30	10	1994	NSA-OBS-FLXTR	-23.80793750000001	4.205854166666666	-23.269999999999992	0.6455833333333336	360.2304166666667	0.02625	307.7291666666667	4.774166666666669	0.6350833333333333	0.15474999999999992	0.08281250000000001	0.9125208333333329	0.59696875	0.004166666666666667
199	31	10	1994	NSA-OBS-FLXTR	0.21206250000000013	11.8256875	-23.269999999999992	0.7327500000000001	358.22837499999997	-0.013333333333333338	282.3958333333333	2.3216666666666668	0.2886249999999999	-1.5189583333333336	0.09829166666666662	0.9020416666666661	0.50021875	0.0
200	1	11	1994	NSA-OBS-FLXTR	0.8522291666666669	10.058208333333333	-23.269999999999992	0.7240416666666664	359.97674999999987	-0.007916666666666667	86.75	2.5006249999999994	0.32514583333333325	-3.3758125000000008	0.06391666666666665	0.8951250000000001	0.4021187499999999	0.0
201	2	11	1994	NSA-OBS-FLXTR	-7.999833333333332	8.849250000000003	-23.269999999999992	0.4418958333333333	358.3991250000001	0.010833333333333334	61.479166666666664	5.613541666666666	0.6841041666666667	-2.9997499999999993	-0.03309375000000003	0.8408333333333339	0.43332916666666654	0.07708333333333335
202	3	11	1994	NSA-OBS-FLXTR	-9.843476190476192	5.7556666666666665	-23.26999999999999	0.7640952380952379	358.5579047619047	0.01666666666666667	297.5	4.014761904761905	0.5315714285714286	-2.4106190476190483	-0.03902380952380954	0.830214285714286	0.4763119047619048	0.0
203	4	11	1994	NSA-OBS-FLXTR	-10.550083333333335	7.446333333333333	-23.269999999999992	0.5419166666666666	361.671	0.06687500000000003	194.45833333333334	3.226875	0.290625	-4.992208333333333	-0.24845833333333323	0.8082500000000002	0.36799374999999995	0.0
204	5	11	1994	NSA-OBS-FLXTR	-31.87097916666667	7.832791666666668	-23.269999999999992	0.6473750000000001	362.9447291666667	-0.035625000000000004	202.70833333333334	3.815208333333334	0.4919166666666666	-0.5058124999999997	-0.20305208333333333	0.8019895833333338	0.5434312500000001	0.02916666666666667
205	6	11	1994	NSA-OBS-FLXTR	-30.9811875	6.241729166666668	-23.269999999999992	0.5912916666666668	364.73341666666664	0.09187500000000004	238.45833333333334	3.5566666666666666	0.34741666666666665	-1.7977500000000006	-0.28917708333333336	0.7601354166666668	0.43635624999999995	0.0
206	7	11	1994	NSA-OBS-FLXTR	-7.110874999999997	0.8868125000000001	-23.269999999999992	0.5416666666666665	366.0425625000001	-0.02020833333333334	178.29166666666666	3.046041666666667	0.1686041666666667	-2.711395833333334	-0.7404270833333332	0.76403125	0.3735041666666665	0.0
207	8	11	1994	NSA-OBS-FLXTR	-2.0276666666666676	7.568937499999998	-23.269999999999992	0.5934791666666664	364.82027083333327	-0.03270833333333332	238.625	2.957500000000001	0.3789166666666668	-2.1471041666666664	-0.6951041666666664	0.7377604166666666	0.45841666666666664	0.0
208	9	11	1994	NSA-OBS-FLXTR	5.621604166666667	4.395020833333334	-23.269999999999992	0.463	364.3639791666667	-0.01666666666666666	201.75	2.16875	0.2600416666666668	-3.970895833333335	-0.7641874999999997	0.7159374999999999	0.3866562500000001	0.0
209	10	11	1994	NSA-OBS-FLXTR	-24.136541666666663	3.884229166666667	-23.269999999999992	0.5430625000000001	366.1530833333333	-0.004791666666666663	128.41666666666666	3.837916666666667	0.5067916666666666	-3.2189999999999994	-0.9871666666666671	0.7012916666666665	0.42387916666666664	0.0
210	11	11	1994	NSA-OBS-FLXTR	2.7241874999999998	0.6187708333333334	-23.269999999999992	0.46018749999999997	368.1825833333334	0.09958333333333337	219.10416666666666	2.012291666666667	0.13183333333333333	-2.3853749999999994	-0.8531562500000001	0.6835312500000001	0.4280520833333333	0.0
211	12	11	1994	NSA-OBS-FLXTR	-13.107270833333331	0.20622916666666655	-23.269999999999992	0.582375	371.57727083333333	-0.10083333333333332	158.52083333333334	3.5933333333333337	0.3384375	-4.1553125	-1.6689479166666665	0.6831458333333335	0.37535416666666666	0.0
212	13	11	1994	NSA-OBS-FLXTR	-9.181416666666664	0.3672291666666665	-23.269999999999992	0.7078541666666669	365.0165833333335	0.07125000000000002	169.3125	2.8660416666666664	0.3528124999999999	0.5119374999999999	-0.5649374999999998	0.6586145833333338	0.6171270833333331	0.014583333333333332
213	14	11	1994	NSA-OBS-FLXTR	-16.934895833333332	8.6930625	-23.269999999999992	0.9290833333333336	364.3721874999999	-0.06291666666666669	294.7708333333333	4.558125	0.6540624999999999	-0.6562291666666666	-0.24270833333333328	0.6464479166666673	0.5361958333333333	0.006250000000000001
214	15	11	1994	NSA-OBS-FLXTR	-0.46610416666666626	5.182041666666667	-23.269999999999992	0.5858333333333333	362.4764375	0.028750000000000008	141.27083333333334	1.9689583333333334	0.2564791666666667	-3.155520833333334	-0.2151354166666667	0.6372500000000002	0.4145479166666666	0.0
215	16	11	1994	NSA-OBS-FLXTR	5.287708333333333	1.5459375000000002	-23.269999999999992	0.43129166666666663	362.8826041666667	-0.04104166666666667	79.875	3.393125000000001	0.4272291666666666	-4.831104166666666	-0.3242395833333334	0.5938541666666669	0.3919645833333334	0.0
216	17	11	1994	NSA-OBS-FLXTR	-5.115479166666666	5.652000000000001	-23.269999999999992	0.5672291666666666	359.0856875	-0.05354166666666665	20.5	4.994791666666667	0.5490416666666668	-7.385687499999999	-0.600072916666667	0.5965416666666671	0.32036875	0.04375000000000001
217	18	11	1994	NSA-OBS-FLXTR	0.01341666666666727	2.0135	-23.269999999999992	0.251125	359.31927083333335	0.050208333333333334	161.58333333333334	3.3858333333333337	0.3095625	-17.942312499999996	-1.8120624999999995	0.6033958333333339	0.13815625	0.0
218	19	11	1994	NSA-OBS-FLXTR	-34.99518181818182	0.29684848484848486	-23.269999999999992	0.4265757575757575	361.4095454545454	-0.020909090909090915	188.75757575757575	4.298787878787878	0.28724242424242424	-16.093939393939397	-3.6263030303030304	0.6035454545454548	0.14144848484848485	0.0
219	27	11	1994	NSA-OBS-FLXTR	-5.940333333333334	-0.19233333333333333	-23.27	0.081	365.5316666666667	0.3	124.0	1.8499999999999999	0.13366666666666668	-13.051666666666668	-4.7945	0.4768333333333334	0.21059999999999998	0.03333333333333333
220	28	11	1994	NSA-OBS-FLXTR	3.4657291666666676	1.1714166666666668	-23.269999999999992	0.24066666666666672	364.5405	-0.010833333333333334	264.625	1.868541666666667	0.1386875	-12.776625000000003	-4.132010416666666	0.4525312499999996	0.2138958333333333	0.0
221	29	11	1994	NSA-OBS-FLXTR	-0.938916666666667	-0.16670833333333326	-23.269999999999992	0.24943749999999998	368.0840625	0.1083333333333333	226.4375	2.08	0.09402083333333333	-17.206645833333326	-4.101739583333334	0.43812499999999993	0.13688333333333333	0.0
222	30	11	1994	NSA-OBS-FLXTR	-1.496041666666666	-0.15768750000000004	-23.269999999999992	0.17456250000000004	372.6881875000001	0.03750000000000004	209.125	1.9512500000000002	0.1918958333333333	-16.195833333333336	-4.421270833333332	0.4306770833333333	0.1580979166666667	0.0
223	1	12	1994	NSA-OBS-FLXTR	2.867541666666668	0.19516666666666668	-23.269999999999992	0.31435416666666677	369.9465416666667	-0.09270833333333332	71.14583333333333	2.4639583333333333	0.2766458333333333	-11.833583333333335	-3.9860104166666672	0.3917395833333335	0.2390833333333334	0.014583333333333332
224	2	12	1994	NSA-OBS-FLXTR	-17.72717777777778	-0.4330666666666667	-23.269999999999992	0.4097333333333334	365.1844888888888	-0.05955555555555555	256.0	3.654666666666667	0.5543111111111112	-15.2444	-3.105233333333334	0.3806444444444444	0.17642666666666665	0.1311111111111111
225	3	12	1994	NSA-OBS-FLXTR	1.5237391304347816	1.1234565217391306	-23.269999999999992	0.3558260869565218	363.4293043478261	-0.003043478260869567	291.9347826086956	2.6030434782608696	0.34106521739130435	-21.30676086956522	-4.214163043478261	0.3632500000000002	0.10391304347826086	0.0
226	4	12	1994	NSA-OBS-FLXTR	-8.764454545454544	0.4911818181818182	-23.26999999999999	0.3704772727272729	363.56990909090916	-0.01681818181818182	275.0	3.107045454545455	0.28020454545454554	-18.40184090909091	-4.677931818181817	0.3534090909090911	0.13401136363636365	0.0
227	5	12	1994	NSA-OBS-FLXTR	-2.3996458333333313	0.6861666666666668	-23.269999999999992	0.2776041666666668	361.90597916666655	0.019791666666666662	156.54166666666666	2.0547916666666666	0.1935833333333334	-16.198104166666667	-4.240510416666665	0.3659895833333335	0.16226041666666666	0.0
228	6	12	1994	NSA-OBS-FLXTR	-5.951249999999998	0.3214791666666666	-23.269999999999992	0.3649166666666666	365.09443749999997	0.09208333333333331	240.0625	2.9847916666666667	0.17743750000000003	-21.446479166666663	-5.482822916666664	0.3469062500000002	0.08477499999999999	0.0
229	7	12	1994	NSA-OBS-FLXTR	-10.578416666666667	0.7280000000000008	-23.269999999999992	0.37233333333333346	367.3423541666666	-0.00875000000000002	203.16666666666666	2.3002083333333343	0.13841666666666666	-19.74952083333334	-6.502416666666668	0.33127083333333324	0.08757708333333336	0.0
230	8	12	1994	NSA-OBS-FLXTR	-6.5843124999999985	0.01277083333333333	-23.269999999999992	0.18066666666666664	364.8722708333334	-0.041875000000000016	186.58333333333334	2.3583333333333334	0.2035208333333334	-18.957729166666663	-6.267166666666664	0.3165729166666667	0.1531833333333333	0.0
231	9	12	1994	NSA-OBS-FLXTR	-10.732687500000004	-0.033145833333333326	-23.269999999999992	0.4106458333333334	363.87202083333335	-0.005625000000000001	296.7083333333333	3.3291666666666657	0.4618125000000001	-21.513833333333324	-5.051677083333333	0.3156041666666665	0.09707083333333333	0.0
232	10	12	1994	NSA-OBS-FLXTR	-37.281151515151514	0.03318181818181818	-23.269999999999992	0.3233939393939395	363.39051515151505	0.015151515151515145	293.09090909090907	3.6381818181818186	0.4957272727272729	-28.942212121212116	-5.900212121212121	0.3236363636363635	0.2387303030303031	0.0
233	15	12	1994	NSA-OBS-FLXTR	-3.3858888888888887	0.6471666666666666	-23.269999999999996	0.13361111111111115	369.44033333333323	-0.02388888888888889	155.83333333333334	3.0611111111111104	0.31527777777777777	0.19272222222222218	-0.6872777777777779	0.048555555555555574	0.2891777777777778	0.0
234	16	12	1994	NSA-OBS-FLXTR	-0.24558333333333307	0.05537499999999998	-23.269999999999992	0.2466666666666666	370.4756875	0.05333333333333332	199.8125	2.555000000000001	0.31035416666666676	-9.055604166666667	-3.833624999999999	0.26117708333333334	0.3054416666666666	0.0
235	17	12	1994	NSA-OBS-FLXTR	-17.86479166666667	-0.12131250000000003	-23.269999999999992	0.33762500000000006	366.41360416666663	-0.09770833333333333	278.4583333333333	3.461458333333333	0.402625	-13.17975	-3.0200416666666663	0.25425000000000003	0.17431041666666666	0.0
236	18	12	1994	NSA-OBS-FLXTR	-16.9028125	2.3423333333333334	-23.269999999999992	0.3420000000000001	367.453125	0.0014583333333333382	171.75	3.136041666666667	0.3322916666666666	-12.618708333333332	-3.6111041666666654	0.26147916666666643	0.20173958333333328	0.0
237	19	12	1994	NSA-OBS-FLXTR	4.053916666666667	0.5380833333333334	-23.269999999999992	0.1921666666666667	367.0439791666667	0.010625	101.10416666666667	1.8989583333333329	0.22797916666666676	-15.564416666666661	-3.579447916666666	0.25883333333333325	0.20224375000000003	0.0
238	20	12	1994	NSA-OBS-FLXTR	-7.191833333333334	-0.7336458333333332	-23.269999999999992	0.25849999999999995	369.0161666666666	0.03291666666666667	199.875	2.8081249999999986	0.2752708333333334	-8.569249999999998	-3.4644062499999997	0.24017708333333343	0.34823125000000005	0.0
239	21	12	1994	NSA-OBS-FLXTR	-27.654812499999995	-1.835125	-23.269999999999992	0.45875000000000005	366.0669166666667	-0.07645833333333332	236.5625	3.162083333333333	0.3255833333333333	-4.675583333333335	-2.797593750000001	0.23476041666666678	0.4178145833333334	0.0
240	22	12	1994	NSA-OBS-FLXTR	-30.0530625	-1.2565	-23.269999999999992	0.3212500000000001	364.74112499999995	0.013124999999999993	235.04166666666666	3.459375000000001	0.3902291666666667	-3.755041666666667	-2.3026041666666663	0.21682291666666662	0.42081666666666667	0.0
241	23	12	1994	NSA-OBS-FLXTR	-36.90966666666667	-1.7430000000000003	-23.269999999999992	0.3639375	365.8777708333333	0.039375000000000014	237.5	3.5883333333333325	0.38785416666666667	-2.8377916666666665	-2.017562499999998	0.20905208333333333	0.41274583333333337	0.0
242	24	12	1994	NSA-OBS-FLXTR	-11.990125	-0.30124999999999996	-23.269999999999992	0.2199791666666667	366.6509791666667	0.07770833333333342	164.9375	2.364375	0.1550208333333333	-4.604145833333335	-1.9312708333333328	0.18842708333333333	0.3192458333333334	0.0
243	25	12	1994	NSA-OBS-FLXTR	-7.560791666666667	-0.06139583333333335	-23.269999999999992	0.24787499999999996	363.41945833333335	-0.05104166666666666	80.41666666666667	4.505208333333335	0.5616666666666665	-8.348291666666666	-2.427166666666667	0.17416666666666666	0.3020833333333333	0.0
244	26	12	1994	NSA-OBS-FLXTR	1.732562500000001	0.1030625	-23.269999999999992	0.08574999999999999	364.21049999999997	0.011666666666666664	174.04166666666666	1.8381250000000007	0.2804791666666667	-7.7701249999999975	-2.431583333333333	0.15626041666666657	0.3278958333333334	0.0
245	27	12	1994	NSA-OBS-FLXTR	-7.2634791666666665	0.5172083333333337	-23.269999999999992	0.3527291666666669	363.7139791666668	-0.028124999999999997	269.5625	3.010416666666668	0.35379166666666656	-6.227979166666665	-1.8544895833333337	0.12356250000000006	0.2238916666666667	0.0
246	28	12	1994	NSA-OBS-FLXTR	-4.682999999999995	0.7280000000000008	-23.269999999999992	0.05299999999999997	363.52664583333336	-0.010000000000000005	156.0	3.0500000000000003	0.298	1.3370000000000015	-0.21850000000000006	0.024999999999999998	0.07938541666666667	0.0
247	29	12	1994	NSA-OBS-FLXTR	-4.682999999999995	0.7280000000000008	-23.269999999999992	0.05299999999999997	363.57695833333327	-0.010000000000000005	156.0	3.0500000000000003	0.298	1.3370000000000015	-0.21850000000000006	0.024999999999999998	0.13435833333333333	0.0
248	30	12	1994	NSA-OBS-FLXTR	-4.682999999999998	0.7279999999999999	-23.269999999999996	0.053000000000000005	361.97540909090907	-0.010000000000000002	156.0	3.049999999999999	0.298	1.337	-0.21850000000000006	0.02500000000000002	0.15625	0.0
249	31	12	1994	NSA-OBS-FLXTR	-4.683	0.7279999999999999	-23.270000000000003	0.05300000000000001	363.0542142857143	-0.009999999999999998	156.0	3.05	0.298	1.337	-0.2185000000000001	0.02500000000000002	0.11959285714285715	0.0
