	DATE	MONTH	YEAR	SITE_NAME	SENSIBLE_HEAT_FLUX_ABV_CNPY	LATENT_HEAT_FLUX_ABV_CNPY	NET_RAD_ABV_CNPY	CO2_FLUX_ABV_CNPY	CO2_CONC_ABV_CNPY	CO2_STORAGE	WIND_DIR_MAG_ABV_CNPY	WIND_SPEED_ABV_CNPY	FRICTION_VELOC_ABV_CNPY	AIR_TEMP_ABV_CNPY	SOIL_TEMP_10CM	SOIL_TEMP_100CM	VAPOR_PRESS_ABV_CNPY	RAIN_RATE
0	23	5	1994	SSA-OBS-FLXTR	205.87669230769234	163.48153846153843	-608.2669565217391	-4.877692307692308	360.54041794159826	0.0204397750717574	144.06153846153845	3.242307692307693	0.25451777777777773	14.643076923076922	3.5889473684210524	0.0	1.016822222222222	0.005263157894736842
1	24	5	1994	SSA-OBS-FLXTR	45.154162790697676	41.64325581395349	136.525	-1.775581395348837	360.54041794159826	0.0204397750717574	125.64937499999996	1.9331250000000002	0.25093023255813957	9.849375	8.067875930392171	3.80868210086995	1.1904953488372094	0.03543180878174338
2	25	5	1994	SSA-OBS-FLXTR	99.73789583333337	47.24148936170213	194.64958333333334	-2.5663770833333333	366.4953846153846	-0.1141666666666667	151.0870833333333	1.6095833333333325	0.17985624999999997	13.755416666666669	1.0437500000000002	0.0	0.7338291666666666	0.0
3	26	5	1994	SSA-OBS-FLXTR	117.99964583333332	64.94729166666666	199.88979166666664	-2.347916666666667	373.93791666666675	0.013541666666666485	200.9170833333333	2.429791666666667	0.38187499999999996	15.862499999999999	1.3270833333333336	0.0	0.8067916666666668	0.0
4	27	5	1994	SSA-OBS-FLXTR	151.7343947368421	68.55947368421052	195.42166666666665	-1.3656736842105264	374.2408571428571	0.4631428571428571	98.52604166666664	2.9914583333333336	0.4060526315789474	18.301875	1.821666666666666	0.0	0.886813157894737	0.0
5	28	5	1994	SSA-OBS-FLXTR	-24.68591666666666	12.116041666666666	35.487291666666664	1.4028687499999999	372.71312500000005	0.07979166666666666	74.75833333333334	4.435208333333333	0.6081249999999999	13.267291666666667	2.784583333333334	0.0	1.287075	0.5041666666666667
6	29	5	1994	SSA-OBS-FLXTR	30.143270833333336	75.68916666666667	132.645	-2.9472916666666666	371.0666666666668	-0.05791666666666671	105.14041666666664	2.7016666666666667	0.25907083333333336	8.810208333333334	1.5564583333333335	0.0	0.7214520833333334	0.0
7	30	5	1994	SSA-OBS-FLXTR	44.9813125	49.20382978723405	124.94479166666667	-2.851875	371.6611363636364	-0.10704545454545457	114.94020833333333	3.112083333333333	0.3325000000000001	10.634166666666667	1.7287499999999998	0.0	0.727644680851064	0.008333333333333333
8	31	5	1994	SSA-OBS-FLXTR	81.65544680851063	77.19872340425532	187.77604166666666	-2.250638297872341	365.17866666666663	0.07822222222222223	150.58520833333336	3.575416666666666	0.4414893617021277	12.492291666666668	1.9116666666666668	0.0	0.8186808510638298	0.0
9	1	6	1994	SSA-OBS-FLXTR	124.63725531914898	58.59468085106383	204.6114583333334	-1.8945531914893614	364.5441666666668	-0.0019374999999999508	247.98958333333334	2.6422916666666665	0.27617021276595743	15.914791666666666	2.1012500000000007	0.0	0.6493595744680851	0.0
10	2	6	1994	SSA-OBS-FLXTR	62.518354166666676	43.46541666666667	115.54666666666664	-3.1754166666666666	366.3881818181818	-0.01954545454545464	126.66395833333333	3.3370833333333336	0.38666666666666677	14.615625000000001	2.467291666666666	0.0	0.8782812499999997	0.0
11	3	6	1994	SSA-OBS-FLXTR	50.82841666666666	56.71333333333333	117.6047916666667	-2.3912500000000008	363.79913043478257	-0.06739130434782604	163.18291666666667	2.177916666666667	0.30333333333333334	12.566875000000003	2.7010416666666655	0.0	1.25444375	0.0
12	4	6	1994	SSA-OBS-FLXTR	70.37672916666665	59.18375000000001	147.33624999999998	-1.8696562500000002	360.3529166666667	-0.004145833333333346	188.7254166666667	2.0166666666666666	0.21724374999999999	16.653125	2.887916666666667	0.0	1.0598749999999997	0.0
13	5	6	1994	SSA-OBS-FLXTR	30.982437499999993	42.36270833333334	88.98291666666665	-1.8845458333333334	364.38520833333337	0.025833333333333274	90.06354166666667	2.2222916666666666	0.20403125	15.961458333333333	3.465833333333333	0.0	1.1724104166666667	0.0
14	6	6	1994	SSA-OBS-FLXTR	135.25604166666668	88.01854166666664	230.035	-1.7743750000000003	365.94032258064516	0.08709677419354829	78.42125	3.5720833333333335	0.39625	14.589375000000002	3.405416666666667	0.0	1.2037729166666666	0.0
15	7	6	1994	SSA-OBS-FLXTR	149.99254166666665	70.28374999999998	215.21479166666666	-1.2314583333333335	360.3080645161291	-0.27419354838709686	107.05249999999997	4.592291666666666	0.5893750000000001	14.922916666666667	3.6928125000000005	0.0	0.7372624999999999	0.0
16	8	6	1994	SSA-OBS-FLXTR	120.07433333333334	57.805145833333334	173.28333333333333	-2.7321729166666664	360.3320833333333	-0.04041666666666662	115.31520833333332	3.9045833333333326	0.46958333333333324	14.736250000000004	3.450909090909091	0.0	0.67361875	0.0
17	9	6	1994	SSA-OBS-FLXTR	99.40521739130433	46.8828888888889	175.53979166666667	-2.6812391304347827	359.04291666666677	0.08835416666666668	159.76020833333337	1.740833333333333	0.24565217391304345	15.747291666666667	3.307083333333333	0.0	0.9828826086956525	0.0
18	10	6	1994	SSA-OBS-FLXTR	154.37020833333335	52.29541666666668	215.8658333333333	-1.8568749999999998	362.33000000000004	-0.005106382978723427	310.53749999999985	3.456875	0.4214583333333333	16.599791666666672	3.8077083333333324	0.0	0.9675874999999999	0.004166666666666667
19	11	6	1994	SSA-OBS-FLXTR	107.55624999999999	54.75479166666667	160.0685416666667	-2.3736624999999996	363.61145833333336	0.009562499999999962	308.23541666666665	3.769166666666667	0.4616666666666666	16.326875000000005	4.172083333333334	0.0	0.97894375	0.0
20	12	6	1994	SSA-OBS-FLXTR	74.89239583333334	43.32041666666666	116.66187499999997	-3.1512499999999997	364.29624999999993	-0.012979166666666625	251.72041666666678	3.452291666666666	0.45270833333333305	12.313958333333337	4.032708333333334	0.0	1.1189770833333335	0.004166666666666667
21	13	6	1994	SSA-OBS-FLXTR	47.41902083333333	12.407291666666667	39.074374999999996	-0.9431249999999998	363.5720833333333	0.051875000000000025	102.63833333333336	5.629999999999999	0.6847916666666666	7.897499999999998	3.4552083333333328	0.0	0.9763104166666667	0.09166666666666667
22	14	6	1994	SSA-OBS-FLXTR	23.939999999999998	14.781515151515151	51.859583333333326	-0.805151515151515	360.70135135135143	-0.11951351351351355	91.42104166666665	4.2335416666666665	0.5542424242424243	8.283958333333333	3.247499999999999	0.0	1.192251515151515	0.1708333333333333
23	15	6	1994	SSA-OBS-FLXTR	14.019574468085107	34.17829787234043	75.24229166666666	-1.3525531914893616	362.0777083333334	0.011666666666666646	46.33125000000001	2.9672916666666658	0.48382978723404274	3.649166666666666	2.638333333333334	0.014125	0.7853106382978726	0.12083333333333336
24	16	6	1994	SSA-OBS-FLXTR	43.98441666666667	60.46083333333333	128.67333333333332	-3.0879208333333334	361.7873333333333	-0.03719999999999996	134.89270833333333	0.813125	0.1445833333333333	5.703124999999999	2.18875	0.1654166666666667	0.7131041666666663	0.029166666666666664
25	17	6	1994	SSA-OBS-FLXTR	52.36919148936171	42.69672340425531	121.93249999999999	-3.2638446808510646	359.2710638297873	-0.003638297872340503	241.03437499999998	1.0383333333333333	0.14941276595744685	8.727083333333335	2.5347916666666666	0.33249999999999996	0.7585893617021275	0.0
26	18	6	1994	SSA-OBS-FLXTR	106.18662499999999	67.28027083333333	190.99395833333335	-2.974714583333333	360.16166666666686	-0.03558333333333313	228.61250000000004	2.3791666666666664	0.2774125	13.169166666666664	3.529166666666667	0.4597916666666668	0.9219249999999998	0.0
27	19	6	1994	SSA-OBS-FLXTR	25.22459574468085	23.38666666666667	76.644375	-1.4556812499999994	360.2802083333333	0.04208333333333338	160.3741666666667	3.018958333333334	0.473125	13.288958333333333	5.193958333333334	0.46770833333333345	1.3176812499999997	0.04583333333333334
28	20	6	1994	SSA-OBS-FLXTR	86.53810638297873	99.54729166666668	228.90166666666673	-0.9466666666666667	361.7091304347826	-0.014347826086956462	275.5614583333334	3.9149999999999996	0.538125	14.509166666666665	5.485208333333333	0.6362500000000002	1.1381541666666666	0.07083333333333335
29	21	6	1994	SSA-OBS-FLXTR	128.17612499999998	81.22258333333332	237.97437499999998	-0.6436958333333334	358.72770833333334	0.03125000000000008	287.4145833333333	2.498541666666666	0.320625	20.021041666666665	7.099374999999999	0.8147916666666665	0.9132875	0.0
30	22	6	1994	SSA-OBS-FLXTR	135.52266666666665	80.30375000000001	161.886875	-0.46027083333333324	358.26687499999997	-0.024833333333333246	291.58541666666673	3.467708333333333	0.41375000000000006	21.436875	8.001875	1.1041666666666667	0.8317208333333334	0.0
31	23	6	1994	SSA-OBS-FLXTR	119.02918750000002	72.24083333333333	194.35895833333333	1.0814583333333323	362.751304347826	0.011347826086956501	261.41249999999997	3.8547916666666673	0.5035416666666667	22.051875	8.851249999999997	1.2637499999999995	1.0724916666666664	0.0
32	24	6	1994	SSA-OBS-FLXTR	109.42081249999997	68.003125	180.80895833333332	-0.9229166666666666	359.1089583333334	-0.010833333333333398	246.0783333333333	2.671666666666665	0.36666666666666675	19.47583333333333	9.070833333333336	1.2966666666666666	1.1397416666666669	0.0
33	25	6	1994	SSA-OBS-FLXTR	54.87710416666667	52.34770833333332	128.21041666666665	-0.7147916666666673	361.36291666666665	0.022354166666666616	207.8197916666668	4.118125	0.5499999999999999	13.594583333333334	8.614791666666667	1.2525000000000002	1.2871104166666665	0.16666666666666666
34	26	6	1994	SSA-OBS-FLXTR	92.24936170212767	53.305869565217385	154.33166666666668	-3.869263829787234	358.2822727272728	-0.055909090909090825	146.00312500000004	1.808958333333333	0.25787234042553187	13.61604166666667	7.036041666666667	1.2756249999999998	1.0390957446808506	0.0
35	27	6	1994	SSA-OBS-FLXTR	91.63074999999999	69.96864583333334	168.914375	-2.6539354166666667	351.62208333333336	0.05081249999999998	202.51312499999997	2.4389583333333333	0.28604999999999997	16.026041666666668	8.03936170212766	1.351489361702127	1.330760416666667	0.05957446808510638
36	28	6	1994	SSA-OBS-FLXTR	60.3499375	88.20791666666668	157.29708333333332	-1.7231250000000002	354.5242222222222	-0.019555555555555576	285.0975	3.057916666666667	0.3760416666666666	15.502916666666666	8.932291666666666	1.3633333333333335	1.0033354166666666	0.0
37	29	6	1994	SSA-OBS-FLXTR	45.14775000000001	52.33945833333335	96.52729166666667	-1.554375	358.5841666666666	0.008333333333333333	114.13687499999997	3.248125	0.3772916666666666	12.860000000000001	8.17375	1.2318749999999998	1.1643479166666666	0.04583333333333334
38	30	6	1994	SSA-OBS-FLXTR	24.33725	37.41854166666667	81.65750000000001	-0.34833333333333377	353.74875000000003	-0.004520833333333353	48.876041666666644	3.0085416666666673	0.4183333333333334	9.816875	7.950000000000002	1.2875000000000003	1.1872916666666666	0.32083333333333325
39	1	7	1994	SSA-OBS-FLXTR	107.67856250000001	80.50604166666665	196.68270833333335	-3.7732234042553183	356.0890697674418	0.003255813953488453	207.5291666666667	1.916875	0.2707645833333334	12.688333333333333	6.329777777777776	1.3926666666666665	1.0194065217391304	0.0
40	2	7	1994	SSA-OBS-FLXTR	42.02343749999999	27.977708333333336	48.60270833333333	-0.22479166666666653	357.4091666666666	-0.009374999999999994	118.5820833333333	4.325625	0.54625	13.191458333333332	7.609791666666669	1.5918750000000002	1.2276624999999994	0.0
41	3	7	1994	SSA-OBS-FLXTR	41.26933333333334	65.33854166666667	133.23312499999997	-0.9725000000000001	357.79375000000005	0.058750000000000004	150.50208333333333	4.085416666666666	0.5722916666666668	14.032083333333327	8.032916666666669	1.699583333333333	1.3983583333333331	0.03333333333333333
42	4	7	1994	SSA-OBS-FLXTR	24.401854166666663	68.48631249999998	98.06041666666665	-2.53375	365.5282978723404	0.05297872340425524	123.32479166666668	3.0658333333333334	0.38104166666666667	12.813750000000004	8.084374999999998	1.9027083333333332	1.2386416666666664	0.1708333333333333
43	5	7	1994	SSA-OBS-FLXTR	43.82937499999999	50.689166666666665	112.7954166666667	-2.1743750000000004	366.18083333333317	0.09583333333333331	112.69125000000001	3.1833333333333336	0.445625	11.040000000000001	8.727708333333332	2.139583333333334	1.3407770833333332	0.22916666666666655
44	6	7	1994	SSA-OBS-FLXTR	78.62439583333331	58.200208333333336	148.05499999999998	-3.244375	367.08625	-0.11333333333333333	257.85854166666655	2.0589583333333334	0.2918479166666667	9.677708333333333	7.96375	2.3360416666666657	1.0333937499999999	0.0
45	7	7	1994	SSA-OBS-FLXTR	49.65964583333335	49.222500000000004	124.58312499999998	-1.9944833333333338	363.25270833333326	-0.08104166666666664	119.79666666666668	1.9470833333333333	0.20713125	13.172916666666666	8.222083333333336	2.547916666666666	1.1736791666666668	0.008333333333333333
46	8	7	1994	SSA-OBS-FLXTR	104.79695833333335	74.70416666666665	188.7714583333333	-1.8208333333333335	361.6077083333334	0.04731250000000017	105.54020833333334	3.94125	0.4741666666666667	12.90125	9.439583333333335	2.7525	1.242622916666667	0.075
47	9	7	1994	SSA-OBS-FLXTR	101.58750000000002	70.10541666666667	178.60437499999998	-1.3439583333333331	360.69208333333336	-0.08916666666666671	124.93541666666664	4.144791666666667	0.56875	15.315	9.819583333333336	2.904166666666667	1.3245708333333333	0.004166666666666667
48	10	7	1994	SSA-OBS-FLXTR	100.65808333333331	48.98375000000001	167.53229166666668	-0.8464583333333335	361.60374999999993	0.1864375	228.5460416666666	3.233541666666667	0.4112499999999999	16.15645833333333	10.554375000000002	3.101875000000001	1.5191729166666663	0.012500000000000002
49	11	7	1994	SSA-OBS-FLXTR	67.82014893617021	58.90891304347827	129.34979166666668	-1.2591489361702128	368.7590697674419	-0.07488372093023261	290.9560416666667	3.2291666666666665	0.33148936170212767	15.892708333333333	10.070208333333332	3.3337499999999984	1.2176042553191486	0.029166666666666664
50	12	7	1994	SSA-OBS-FLXTR	39.82135416666666	36.84427083333333	94.24104166666667	-1.0733333333333335	352.51	0.01	91.330625	1.8027083333333334	0.21375000000000002	11.511458333333335	9.632708333333332	3.5949999999999984	1.2929187500000001	0.0375
51	13	7	1994	SSA-OBS-FLXTR	88.74420833333333	55.77708333333334	165.4795833333333	-3.6116166666666665	355.6688636363636	-0.024318181818181985	246.7364583333333	1.7635416666666666	0.21350416666666672	15.732916666666666	9.07913043478261	3.651521739130436	1.1263104166666664	0.0
52	14	7	1994	SSA-OBS-FLXTR	42.717085106382974	48.705000000000005	86.01437499999999	-2.508365957446809	360.54041794159826	0.0204397750717574	251.18255319148935	1.7487234042553195	0.20138958333333337	15.475744680851072	8.067875930392171	3.80868210086995	1.3091770833333334	0.03543180878174338
53	15	7	1994	SSA-OBS-FLXTR	28.69041304347825	38.086875	85.17833333333334	-0.7229166666666665	360.54041794159826	0.0204397750717574	245.25916666666674	2.031041666666666	0.21916666666666665	14.082708333333334	8.067875930392171	3.80868210086995	1.3648833333333332	0.03543180878174338
54	16	7	1994	SSA-OBS-FLXTR	46.80497916666666	62.665729166666665	170.53812499999998	-3.0654166666666662	351.245	-0.09699999999999998	176.62104166666666	1.5681250000000002	0.1841666666666667	15.617083333333332	11.9525	4.0325	1.3133875000000002	0.0
55	17	7	1994	SSA-OBS-FLXTR	88.12137500000001	75.03979166666669	178.97395833333334	-1.7672375000000005	367.7181395348838	-0.06558139534883717	183.44416666666658	1.5589583333333332	0.238125	17.040416666666662	11.05708333333333	4.1170833333333325	1.4061729166666666	0.0
56	18	7	1994	SSA-OBS-FLXTR	29.009899999999995	61.67700000000001	60.254791666666684	-0.03300000000000001	338.354	0.44200000000000006	126.27934782608695	2.0310869565217393	0.33749999999999997	18.464565217391304	11.798333333333332	4.2541666666666655	1.6478	0.016666666666666666
57	19	7	1994	SSA-OBS-FLXTR	-8.486130434782607	28.645000000000003	48.584166666666675	1.943043478260871	360.1639130434782	0.14913043478260865	328.37500000000006	4.849375	0.5786956521739129	14.915	12.463124999999998	4.474374999999999	1.7438717391304346	1.0291666666666666
58	20	7	1994	SSA-OBS-FLXTR	74.45945833333333	103.09437500000001	184.77979166666663	-0.1906250000000008	358.3960416666667	-0.0037500000000000224	312.4539583333333	4.313541666666667	0.5741666666666666	17.17020833333333	11.718695652173915	4.51695652173913	1.61906875	0.020833333333333332
59	21	7	1994	SSA-OBS-FLXTR	94.9376875	95.61770833333333	214.29791666666665	-0.42021250000000004	358.3745454545454	-0.14590909090909104	255.36	3.033749999999999	0.3421520833333333	21.709999999999997	11.77645833333333	4.791041666666667	1.4374625000000005	0.0
60	22	7	1994	SSA-OBS-FLXTR	110.63958333333333	96.19729166666667	187.05729166666666	-0.7177083333333334	362.6625000000001	0.08985416666666667	285.0791666666667	4.8620833333333335	0.6381249999999999	17.98666666666666	12.247291666666667	5.0597916666666665	1.2988145833333333	0.03333333333333333
61	23	7	1994	SSA-OBS-FLXTR	103.02556249999999	74.21916666666668	170.96729166666663	-1.3085416666666663	359.0970212765957	-0.03757446808510638	315.77916666666675	4.332291666666667	0.5085416666666669	17.453750000000003	11.354166666666664	5.254374999999999	0.8012208333333334	0.0
62	24	7	1994	SSA-OBS-FLXTR	127.52170454545454	74.26886363636363	203.37187500000002	-1.2564749999999998	358.2814583333333	0.05952083333333318	232.89562500000008	3.3256250000000005	0.3357204545454545	16.655416666666667	10.79333333333333	5.4543750000000015	0.6393840909090911	0.0
63	25	7	1994	SSA-OBS-FLXTR	130.37571739130436	72.99021739130436	195.03770833333328	-1.9513434782608698	357.4397916666667	-0.019708333333333355	149.33583333333334	2.7502083333333336	0.26647391304347817	17.175833333333337	9.950416666666666	5.441875	0.6592217391304346	0.0
64	26	7	1994	SSA-OBS-FLXTR	91.26058333333334	71.93208333333332	186.70916666666668	-1.9758104166666668	354.54270833333334	-0.06833333333333337	159.25749999999996	1.6274999999999997	0.20348958333333336	19.20854166666667	10.448541666666664	5.494999999999998	0.8830604166666665	0.0
65	27	7	1994	SSA-OBS-FLXTR	78.23667441860465	66.06325581395349	189.3410416666667	-0.9340023255813954	357.3985416666667	-0.03625000000000009	239.57291666666666	2.7562499999999996	0.2679581395348837	20.068541666666665	11.301666666666662	5.547291666666669	1.1253046511627907	0.0
66	28	7	1994	SSA-OBS-FLXTR	92.18366666666668	79.47485416666666	176.23208333333332	-0.11250000000000011	361.0910416666666	0.1954166666666666	252.08229166666663	2.8002083333333334	0.24271874999999998	22.888333333333335	12.600208333333333	5.600625000000002	1.4462541666666666	0.0
67	29	7	1994	SSA-OBS-FLXTR	49.3694375	85.06354166666668	132.27166666666665	0.448541666666666	377.30833333333334	-0.014166666666666454	123.53874999999998	1.3247916666666664	0.1552083333333333	17.623333333333335	13.216249999999997	5.653124999999998	1.7802125000000002	0.22916666666666666
68	30	7	1994	SSA-OBS-FLXTR	127.25760000000001	142.67666666666665	177.713125	-3.184773333333334	356.2350000000002	0.9180666666666669	253.11479166666672	1.8506250000000006	0.2923333333333334	20.66833333333334	12.394791666666668	5.7060416666666685	1.31443	0.0
69	31	7	1994	SSA-OBS-FLXTR	47.70219565217391	63.70630434782609	133.13583333333332	-1.9463478260869564	363.0825	0.10681818181818192	237.49166666666665	1.6339583333333332	0.19113695652173912	21.09854166666667	12.674375	5.746666666666666	1.5820391304347825	0.0
70	1	8	1994	SSA-OBS-FLXTR	84.41008695652172	80.7795652173913	165.72145833333335	-0.26760869565217377	360.54041794159826	0.0204397750717574	276.835	2.115	0.2430434782608696	22.111250000000002	13.521666666666668	5.830208333333335	1.7013804347826083	0.0
71	2	8	1994	SSA-OBS-FLXTR	80.60025	76.75520833333333	164.55083333333332	-0.9237500000000001	358.986170212766	-0.05808510638297873	323.82916666666665	3.266666666666666	0.318125	22.204166666666666	13.09291666666667	5.960624999999998	1.3138270833333332	0.0
72	3	8	1994	SSA-OBS-FLXTR	57.46752083333334	50.480624999999996	109.54333333333331	-0.8547916666666667	365.1549999999999	0.035624999999999706	160.10541666666663	2.7083333333333335	0.28375	17.50229166666666	12.396041666666669	6.090208333333333	1.2655291666666664	0.004166666666666667
73	4	8	1994	SSA-OBS-FLXTR	93.65191666666668	67.74572916666666	184.32270833333334	-2.3911375	356.0859574468086	-0.03851063829787245	157.4125	1.3866875000000005	0.2200916666666666	15.705625000000005	10.167499999999999	6.213333333333336	0.8157500000000001	0.004166666666666667
74	5	8	1994	SSA-OBS-FLXTR	79.48545833333333	59.07881249999998	167.85791666666665	-1.570380138124827	360.54041794159826	0.0204397750717574	205.54083333333335	1.1535208333333333	0.17835416666666667	19.358124999999994	10.865624999999996	6.265833333333333	1.0904708333333335	0.008333333333333333
75	6	8	1994	SSA-OBS-FLXTR	24.822062499999998	37.96145833333333	46.920208333333335	1.8911764705882357	373.5941176470588	-0.5723529411764705	147.92333333333343	2.5849999999999995	0.36747291666666665	16.064583333333335	11.780208333333334	6.281666666666667	1.4205041666666667	0.03333333333333333
76	7	8	1994	SSA-OBS-FLXTR	76.27764583333332	57.98333333333334	138.39333333333335	-2.9523375	354.23851063829784	0.003617021276595821	136.77020833333333	2.1633333333333327	0.24492916666666661	11.270208333333331	9.652000000000001	6.325999999999999	0.7878583333333333	0.0
77	8	8	1994	SSA-OBS-FLXTR	69.41418750000001	58.19229166666667	138.3475	-4.398639583333333	355.414375	-0.09354166666666663	225.40125000000003	1.9287499999999997	0.20505208333333336	12.34104166666667	9.178541666666666	6.346041666666668	0.8348187499999998	0.008333333333333333
78	9	8	1994	SSA-OBS-FLXTR	85.72131914893616	57.76851063829787	162.84479166666668	-2.767274468085106	349.9064583333333	0.012708333333333292	185.2775	1.6079166666666669	0.177636170212766	13.806666666666667	9.008750000000001	6.328125000000001	0.8334744680851063	0.0
79	10	8	1994	SSA-OBS-FLXTR	13.437499999999998	45.62437499999999	70.38333333333334	-2.128033333333333	352.7333333333333	0.018958333333333348	218.43500000000003	1.4429166666666664	0.12052291666666669	15.34083333333333	10.329583333333337	6.28125	1.1103916666666662	0.041666666666666664
80	11	8	1994	SSA-OBS-FLXTR	48.25131249999999	57.34583333333334	134.80749999999998	-2.038958333333333	357.381304347826	0.06978260869565245	215.61604166666675	1.9704166666666663	0.25329375000000004	15.289375000000005	10.378750000000002	6.263541666666668	1.3438791666666665	0.024999999999999998
82	13	8	1994	SSA-OBS-FLXTR	92.49793749999999	67.59425531914896	168.20770833333333	-4.4159999999999995	346.394	0.534	298.1791666666667	3.0835416666666675	0.30895833333333333	10.779583333333337	8.504583333333333	6.287291666666666	0.8340937499999997	0.0
83	14	8	1994	SSA-OBS-FLXTR	78.4060625	63.02166666666667	172.97708333333333	-2.443272916666666	351.0610416666666	-0.03416666666666666	261.32500000000005	2.6772916666666666	0.2541875	16.336458333333333	9.041458333333331	6.278125	1.0621999999999998	0.0
84	15	8	1994	SSA-OBS-FLXTR	69.93195833333333	70.661875	150.28520833333332	-1.0974312499999999	356.1154166666667	0.05235416666666668	280.32291666666663	3.0585416666666667	0.2383333333333333	20.840208333333333	11.14541666666667	6.240624999999999	1.3271020833333333	0.0
85	16	8	1994	SSA-OBS-FLXTR	24.69066666666666	29.749791666666667	49.13041666666667	0.7270833333333332	362.9225531914894	0.05297872340425539	82.22229166666666	3.4085416666666677	0.43145833333333344	16.941875	12.214375000000002	6.238541666666664	1.31534375	0.0
86	17	8	1994	SSA-OBS-FLXTR	66.01227083333335	45.538666666666664	122.64854166666663	-2.2741666666666664	358.15541666666667	-0.029374999999999967	116.71020833333336	1.6833333333333338	0.16281875000000004	12.856666666666662	10.118541666666664	6.307708333333333	1.1232375	0.020833333333333332
87	18	8	1994	SSA-OBS-FLXTR	43.56041666666667	45.675833333333344	102.12979166666668	-1.5558333333333332	357.6233333333334	0.014791666666666566	138.00895833333337	2.2424999999999993	0.2810416666666667	13.616666666666669	10.78125	6.382499999999998	1.37576875	0.004166666666666667
88	19	8	1994	SSA-OBS-FLXTR	48.77597916666665	51.69166666666667	111.84374999999999	-0.6763829787234047	363.8587234042553	-0.08191489361702133	257.1039583333333	2.1818750000000002	0.2620833333333334	15.336875000000001	11.460625	6.382499999999997	1.4736645833333337	0.016666666666666666
89	20	8	1994	SSA-OBS-FLXTR	83.35902083333333	68.45458333333335	167.60479166666667	-1.3794770833333339	357.00687499999987	-0.012499999999999995	247.23708333333335	1.8464583333333333	0.21437291666666666	18.803541666666668	10.798124999999999	6.320833333333334	1.2966479166666665	0.0
90	21	8	1994	SSA-OBS-FLXTR	70.51733333333334	54.52675	144.08333333333331	-1.4225	368.07666666666665	0.010000000000000037	117.15833333333336	2.8258333333333336	0.31312499999999993	18.255833333333335	11.253124999999999	6.247083333333332	1.422558333333333	0.0
91	22	8	1994	SSA-OBS-FLXTR	8.430479166666672	56.74270833333335	90.518125	0.6179166666666668	369.3745833333333	0.06999999999999999	151.51666666666668	2.948125000000001	0.36083333333333334	19.216458333333332	11.963749999999996	6.237500000000001	1.4913875000000003	0.008333333333333333
92	23	8	1994	SSA-OBS-FLXTR	54.958	64.54416666666664	124.9533333333333	-0.39583333333333415	363.59212765957443	-0.08304255319148933	287.99375000000003	3.763124999999999	0.4085416666666666	17.123125	11.331458333333332	6.458333333333335	1.0325854166666668	0.0
93	24	8	1994	SSA-OBS-FLXTR	56.609702127659574	59.963404255319155	149.61979166666666	-1.433617021276596	358.0985416666667	-0.03689583333333335	271.6125	4.894166666666667	0.5312765957446808	13.945416666666665	9.774375	6.589791666666667	0.7824936170212765	0.0
94	25	8	1994	SSA-OBS-FLXTR	98.03320833333333	45.79012499999999	132.13041666666666	-2.9110416666666663	357.6185106382979	-0.004319148936170215	305.1791666666667	3.629791666666666	0.3777083333333333	13.199999999999996	9.035	6.629583333333332	0.8671916666666667	0.0
95	26	8	1994	SSA-OBS-FLXTR	35.21070833333333	36.21458333333333	78.3225	-2.9280395833333324	359.5716666666667	-0.05145833333333341	295.4604166666666	2.028333333333333	0.15888125	11.271250000000002	8.028125	6.62208333333333	0.9849645833333335	0.0
96	27	8	1994	SSA-OBS-FLXTR	35.410312499999996	33.717234042553194	68.98145833333334	-1.9862702127659573	350.965	0.04249999999999988	298.8666666666666	2.3897916666666665	0.18702708333333332	12.26958333333333	8.570416666666667	6.576041666666666	1.0132020833333335	0.11249999999999999
97	28	8	1994	SSA-OBS-FLXTR	41.002875	54.274375	117.29708333333333	-1.9420833333333334	364.09291666666667	0.05499999999999989	216.6972916666667	1.5112499999999998	0.16958333333333334	11.571666666666665	9.281458333333333	6.523125000000001	1.1135895833333334	0.004166666666666667
98	29	8	1994	SSA-OBS-FLXTR	38.94527083333333	31.227375	53.839791666666656	-1.0640770833333335	358.3866666666667	0.016874999999999866	93.46520833333331	3.1093749999999996	0.36270833333333324	9.302708333333335	8.742500000000001	6.491666666666666	0.9013	0.008333333333333333
99	30	8	1994	SSA-OBS-FLXTR	32.75389583333334	35.48625	71.43729166666665	-1.8181250000000002	357.80428571428575	0.11190476190476184	133.47874999999996	2.678333333333334	0.29520833333333335	8.932291666666666	7.958333333333333	6.457916666666667	0.8435041666666669	0.0
100	31	8	1994	SSA-OBS-FLXTR	69.44697916666665	48.080354166666666	128.40979166666668	-2.1513770833333328	349.459375	-0.101875	294.74854166666665	2.27875	0.2035416666666667	11.205208333333331	7.335208333333331	6.415833333333335	0.7886833333333335	0.0
101	1	9	1994	SSA-OBS-FLXTR	50.77804166666667	39.30020833333334	108.53791666666667	-2.22691875	357.10812500000014	0.017916666666666678	131.68479166666663	1.2327083333333333	0.11158125000000003	12.894791666666663	7.70791666666667	6.358125000000001	0.8818875	0.0
102	2	9	1994	SSA-OBS-FLXTR	51.44916666666668	50.74604166666668	138.7433333333333	-1.9379541666666666	363.2397916666667	0.024000000000000073	143.10958333333335	2.5406249999999995	0.35877291666666666	12.442083333333334	7.459791666666667	6.298125000000002	0.7992374999999998	0.0
103	3	9	1994	SSA-OBS-FLXTR	-20.44683333333334	12.929583333333332	5.507083333333337	1.3452083333333336	359.14750000000004	0.04808333333333334	148.8458333333334	3.8941666666666674	0.550625	10.237708333333334	7.942916666666666	6.236875000000001	0.8540583333333335	0.0
104	4	9	1994	SSA-OBS-FLXTR	-6.853416666666669	-0.2704166666666667	24.97833333333334	2.0720833333333335	362.4945833333332	0.057083333333333396	188.56375000000003	2.5316666666666663	0.30687500000000006	9.661875	8.402916666666668	6.189166666666668	1.25085	0.2208333333333333
105	5	9	1994	SSA-OBS-FLXTR	15.72170833333334	65.51708333333335	128.58062499999997	0.9970833333333339	359.48437500000006	-0.11445833333333334	301.9895833333333	4.544375	0.6222916666666666	12.329583333333332	9.007499999999999	6.144583333333336	1.1111479166666667	0.0
106	6	9	1994	SSA-OBS-FLXTR	72.7321875	65.43458333333335	126.97125	-1.2959312499999998	364.02854166666674	0.002291666666666604	287.61875000000003	3.4320833333333325	0.3429166666666667	13.922916666666667	8.637916666666667	6.125625	0.9798479166666665	0.004166666666666667
107	7	9	1994	SSA-OBS-FLXTR	52.68377083333332	49.99020833333333	115.55895833333334	-1.4468750000000006	361.5408333333333	0.06937499999999976	152.93500000000003	2.797916666666667	0.27208333333333334	15.108541666666662	8.662291666666667	5.983958333333334	0.9460708333333333	0.004166666666666667
108	8	9	1994	SSA-OBS-FLXTR	41.83789130434783	43.302108695652166	107.09958333333334	-0.6165217391304346	365.03249999999986	0.06416666666666676	109.59979166666665	2.9287500000000004	0.27517391304347827	14.635208333333336	9.298749999999997	5.976875000000001	1.1278304347826091	0.0
109	9	9	1994	SSA-OBS-FLXTR	22.95810416666667	36.97489583333333	69.11020833333335	-1.774166666666667	377.8758333333333	0.0513958333333333	112.22895833333331	2.7493750000000006	0.25764375	16.659583333333334	9.683958333333337	6.0097916666666675	1.3492375000000003	0.0
110	10	9	1994	SSA-OBS-FLXTR	8.809297872340421	19.996250000000003	37.693958333333335	0.3696312499999996	372.5124999999999	-0.046041666666666675	223.125625	4.029374999999999	0.530625	13.279375	10.265416666666669	6.162499999999999	1.2948020833333336	0.0
111	11	9	1994	SSA-OBS-FLXTR	26.901291666666665	28.825	59.198125	-1.4320833333333332	362.22958333333344	-0.082375	293.58124999999995	3.3422916666666667	0.3939583333333334	6.6847916666666665	7.708125	6.204791666666665	0.7375708333333333	0.0
112	12	9	1994	SSA-OBS-FLXTR	47.038875	37.94520833333333	100.12666666666665	-1.7044520833333332	363.7014583333333	0.01416666666666678	182.8033333333333	2.0256249999999993	0.26204583333333337	8.690208333333334	6.676249999999999	6.23875	0.7813874999999998	0.0
113	13	9	1994	SSA-OBS-FLXTR	49.6043404255319	42.586382978723414	113.9425	-1.318214893617021	365.7891666666667	-0.05062499999999997	219.82708333333332	2.0510416666666673	0.24319148936170215	12.843958333333331	6.963750000000001	6.176250000000002	0.900504255319149	0.0
114	14	9	1994	SSA-OBS-FLXTR	27.24352083333333	44.732553191489366	90.2625	-0.9414791666666664	362.77520833333347	-0.1210416666666666	179.41187499999998	1.445625	0.12776875000000001	15.496458333333337	7.712500000000001	6.1312500000000005	1.0454333333333332	0.004166666666666667
115	15	9	1994	SSA-OBS-FLXTR	-4.305750000000001	19.32	-917.9035416666666	-0.017200000000000003	342.155	0.9875	279.475	2.3024999999999998	0.0625	19.0775	8.876875	6.071458333333333	1.23185	0.0
116	16	9	1994	SSA-OBS-FLXTR	-9.448	57.22	-977.750625	0.43	341.71	0.04	300.9	4.22	0.73	22.13	7.687708333333334	6.073125	0.8801000000000001	0.0
117	17	9	1994	SSA-OBS-FLXTR	51.81093617021277	42.05260869565217	108.48666666666664	-0.6648782608695653	352.75212121212127	-0.17515151515151514	262.1000000000001	2.5481249999999993	0.17416808510638299	19.28833333333334	8.808749999999998	6.052708333333332	1.0213106382978725	0.0
118	18	9	1994	SSA-OBS-FLXTR	47.873145833333346	44.555208333333326	101.36354166666666	-0.7579958333333333	360.54041794159826	0.0204397750717574	184.2658333333333	1.9539583333333335	0.2452083333333334	19.409166666666668	9.001458333333334	6.042083333333333	0.9715729166666666	0.0
119	19	9	1994	SSA-OBS-FLXTR	24.332035714285716	46.80107142857143	-12.159374999999997	-0.24285714285714258	360.54041794159826	0.0204397750717574	219.57020833333328	2.612083333333333	0.3182142857142857	17.005625	9.307083333333331	6.0424999999999995	0.9038892857142856	0.0
120	20	9	1994	SSA-OBS-FLXTR	12.973208333333332	31.61458333333333	-149.14791666666667	-0.425	360.54041794159826	0.0204397750717574	274.26666666666665	3.6791666666666667	0.3591666666666667	13.136458333333328	8.358958333333332	6.070416666666667	0.8259020833333338	0.0
121	21	9	1994	SSA-OBS-FLXTR	-12.43054054054053	19.464864864864865	-56.542432432432435	0.806486486486486	360.54041794159826	0.0204397750717574	320.85135135135135	4.726486486486487	0.6043243243243243	5.993513513513514	6.919142857142857	6.092285714285715	0.6443081081081083	0.005714285714285714
